0 0
1 1
2 2
3 3
4 4
5 5
6 0
7 1
8 2
9 3
10 4
11 5
12 0
13 1
14 2
15 3
16 4
17 5
18 0
19 1
20 2
21 3
22 4
23 5
24 0
25 1
26 2
27 3
28 4
29 5
30 0
31 1
32 2
33 3
34 4
35 5
36 0
37 1
38 2
39 3
40 4
41 5
42 0
43 1
44 2
45 3
46 4
47 5
48 0
49 1
50 2
51 3
52 4
53 5
54 0
55 1
56 2
57 3
58 4
59 5
60 0
61 1
62 2
63 3
64 4
65 5
66 0
67 1
68 2
69 3
70 4
71 5
72 0
73 1
74 2
75 3
76 4
77 5
78 0
79 1
80 2
81 3
82 4
83 5
84 0
85 1
86 2
87 3
88 4
89 5
90 0
91 1
92 2
93 3
94 4
95 5
96 0
97 1
98 2
99 3
100 4
101 5
102 0
103 1
104 2
105 3
106 4
107 5
108 0
109 1
110 2
111 3
112 4
113 5
114 0
115 1
116 2
117 3
118 4
119 5
120 0
121 1
122 2
123 3
124 4
125 5
126 0
127 1
128 2
129 3
130 4
131 5
132 0
133 1
134 2
135 3
136 4
137 5
138 0
139 1
140 2
141 3
142 4
143 5
144 0
145 1
146 2
147 3
148 4
149 5
150 0
151 1
152 2
153 3
154 4
155 5
156 0
157 1
158 2
159 3
160 4
161 5
162 0
163 1
164 2
165 3
166 4
167 5
168 0
169 1
170 2
171 3
172 4
173 5
174 0
175 1
176 2
177 3
178 4
179 5
180 0
181 1
182 2
183 3
184 4
185 5
186 0
187 1
188 2
189 3
190 4
191 5
192 0
193 1
194 2
195 3
196 4
197 5
198 0
199 1
200 2
201 3
202 4
203 5
204 0
205 1
206 2
207 3
208 4
209 5
210 0
211 1
212 2
213 3
214 4
215 5
216 0
217 1
218 2
219 3
220 4
221 5
222 0
223 1
224 2
225 3
226 4
227 5
228 0
229 1
230 2
231 3
232 4
233 5
234 0
235 1
236 2
237 3
238 4
239 5
240 0
241 1
242 2
243 3
244 4
245 5
246 0
247 1
248 2
249 3
250 4
251 5
252 0
253 1
254 2
255 3
256 4
257 5
258 0
259 1
260 2
261 3
262 4
263 5
264 0
265 1
266 2
267 3
268 4
269 5
270 0
271 1
272 2
273 3
274 4
275 5
276 0
277 1
278 2
279 3
280 4
281 5
282 0
283 1
284 2
285 3
286 4
287 5
288 0
289 1
290 2
291 3
292 4
293 5
294 0
295 1
296 2
297 3
298 4
299 5
300 0
301 1
302 2
303 3
304 4
305 5
306 0
307 1
308 2
309 3
310 4
311 5
312 0
313 1
314 2
315 3
316 4
317 5
318 0
319 1
320 2
321 3
322 4
323 5
324 0
325 1
326 2
327 3
328 4
329 5
330 0
331 1
332 2
333 3
334 4
335 5
336 0
337 1
338 2
339 3
340 4
341 5
342 0
343 1
344 2
345 3
346 4
347 5
348 0
349 1
350 2
351 3
352 4
353 5
354 0
355 1
356 2
357 3
358 4
359 5
360 0
361 1
362 2
363 3
364 4
365 5
366 0
367 1
368 2
369 3
370 4
371 5
372 0
373 1
374 2
375 3
376 4
377 5
378 0
379 1
380 2
381 3
382 4
383 5
384 0
385 1
386 2
387 3
388 4
389 5
390 0
391 1
392 2
393 3
394 4
395 5
396 0
397 1
398 2
399 3
400 4
401 5
402 0
403 1
404 2
405 3
406 4
407 5
408 0
409 1
410 2
411 3
412 4
413 5
414 0
415 1
416 2
417 3
418 4
419 5
420 0
421 1
422 2
423 3
424 4
425 5
426 0
427 1
428 2
429 3
430 4
431 5
432 0
433 1
434 2
435 3
436 4
437 5
438 0
439 1
440 2
441 3
442 4
443 5
444 0
445 1
446 2
447 3
448 4
449 5
450 0
451 1
452 2
453 3
454 4
455 5
456 0
457 1
458 2
459 3
460 4
461 5
462 0
463 1
464 2
465 3
466 4
467 5
468 0
469 1
470 2
471 3
472 4
473 5
474 0
475 1
476 2
477 3
478 4
479 5
480 0
481 1
482 2
483 3
484 4
485 5
486 0
487 1
488 2
489 3
490 4
491 5
492 0
493 1
494 2
495 3
496 4
497 5
498 0
499 1
500 2
501 3
502 4
503 5
504 0
505 1
506 2
507 3
508 4
509 5
510 0
511 1
512 2
513 3
514 4
515 5
516 0
517 1
518 2
519 3
520 4
521 5
522 0
523 1
524 2
525 3
526 4
527 5
528 0
529 1
530 2
531 3
532 4
533 5
534 0
535 1
536 2
537 3
538 4
539 5
540 0
541 1
542 2
543 3
544 4
545 5
546 0
547 1
548 2
549 3
550 4
551 5
552 0
553 1
554 2
555 3
556 4
557 5
558 0
559 1
560 2
561 3
562 4
563 5
564 0
565 1
566 2
567 3
568 4
569 5
570 0
571 1
572 2
573 3
574 4
575 5
576 0
577 1
578 2
579 3
580 4
581 5
582 0
583 1
584 2
585 3
586 4
587 5
588 0
589 1
590 2
591 3
592 4
593 5
594 0
595 1
596 2
597 3
598 4
599 5
600 0
601 1
602 2
603 3
604 4
605 5
606 0
607 1
608 2
609 3
610 4
611 5
612 0
613 1
614 2
615 3
616 4
617 5
618 0
619 1
620 2
621 3
622 4
623 5
624 0
625 1
626 2
627 3
628 4
629 5
630 0
631 1
632 2
633 3
634 4
635 5
636 0
637 1
638 2
639 3
640 4
641 5
642 0
643 1
644 2
645 3
646 4
647 5
648 0
649 1
650 2
651 3
652 4
653 5
654 0
655 1
656 2
657 3
658 4
659 5
660 0
661 1
662 2
663 3
664 4
665 5
666 0
667 1
668 2
669 3
670 4
671 5
672 0
673 1
674 2
675 3
676 4
677 5
678 0
679 1
680 2
681 3
682 4
683 5
684 0
685 1
686 2
687 3
688 4
689 5
690 0
691 1
692 2
693 3
694 4
695 5
696 0
697 1
698 2
699 3
700 4
701 5
702 0
703 1
704 2
705 3
706 4
707 5
708 0
709 1
710 2
711 3
712 4
713 5
714 0
715 1
716 2
717 3
718 4
719 5
720 0
721 1
722 2
723 3
724 4
725 5
726 0
727 1
728 2
729 3
730 4
731 5
732 0
733 1
734 2
735 3
736 4
737 5
738 0
739 1
740 2
741 3
742 4
743 5
744 0
745 1
746 2
747 3
748 4
749 5
750 0
751 1
752 2
753 3
754 4
755 5
756 0
757 1
758 2
759 3
760 4
761 5
762 0
763 1
764 2
765 3
766 4
767 5
768 0
769 1
770 2
771 3
772 4
773 5
774 0
775 1
776 2
777 3
778 4
779 5
780 0
781 1
782 2
783 3
784 4
785 5
786 0
787 1
788 2
789 3
790 4
791 5
792 0
793 1
794 2
795 3
796 4
797 5
798 0
799 1
800 2
801 3
802 4
803 5
804 0
805 1
806 2
807 3
808 4
809 5
810 0
811 1
812 2
813 3
814 4
815 5
816 0
817 1
818 2
819 3
820 4
821 5
822 0
823 1
824 2
825 3
826 4
827 5
828 0
829 1
830 2
831 3
832 4
833 5
834 0
835 1
836 2
837 3
838 4
839 5
840 0
841 1
842 2
843 3
844 4
845 5
846 0
847 1
848 2
849 3
850 4
851 5
852 0
853 1
854 2
855 3
856 4
857 5
858 0
859 1
860 2
861 3
862 4
863 5
864 0
865 1
866 2
867 3
868 4
869 5
870 0
871 1
872 2
873 3
874 4
875 5
876 0
877 1
878 2
879 3
880 4
881 5
882 0
883 1
884 2
885 3
886 4
887 5
888 0
889 1
890 2
891 3
892 4
893 5
894 0
895 1
896 2
897 3
898 4
899 5
900 0
901 1
902 2
903 3
904 4
905 5
906 0
907 1
908 2
909 3
910 4
911 5
912 0
913 1
914 2
915 3
916 4
917 5
918 0
919 1
920 2
921 3
922 4
923 5
924 0
925 1
926 2
927 3
928 4
929 5
930 0
931 1
932 2
933 3
934 4
935 5
936 0
937 1
938 2
939 3
940 4
941 5
942 0
943 1
944 2
945 3
946 4
947 5
948 0
949 1
950 2
951 3
952 4
953 5
954 0
955 1
956 2
957 3
958 4
959 5
960 0
961 1
962 2
963 3
964 4
965 5
966 0
967 1
968 2
969 3
970 4
971 5
972 0
973 1
974 2
975 3
976 4
977 5
978 0
979 1
980 2
981 3
982 4
983 5
984 0
985 1
986 2
987 3
988 4
989 5
990 0
991 1
992 2
993 3
994 4
995 5
996 0
997 1
998 2
999 3
1000 4
1001 5
1002 0
1003 1
1004 2
1005 3
1006 4
1007 5
1008 0
1009 1
1010 2
1011 3
1012 4
1013 5
1014 0
1015 1
1016 2
1017 3
1018 4
1019 5
1020 0
1021 1
1022 2
1023 3
1024 4
1025 5
1026 0
1027 1
1028 2
1029 3
1030 4
1031 5
1032 0
1033 1
1034 2
1035 3
1036 4
1037 5
1038 0
1039 1
1040 2
1041 3
1042 4
1043 5
1044 0
1045 1
1046 2
1047 3
1048 4
1049 5
1050 0
1051 1
1052 2
1053 3
1054 4
1055 5
1056 0
1057 1
1058 2
1059 3
1060 4
1061 5
1062 0
1063 1
1064 2
1065 3
1066 4
1067 5
1068 0
1069 1
1070 2
1071 3
1072 4
1073 5
1074 0
1075 1
1076 2
1077 3
1078 4
1079 5
1080 0
1081 1
1082 2
1083 3
1084 4
1085 5
1086 0
1087 1
1088 2
1089 3
1090 4
1091 5
1092 0
1093 1
1094 2
1095 3
1096 4
1097 5
1098 0
1099 1
1100 2
1101 3
1102 4
1103 5
1104 0
1105 1
1106 2
1107 3
1108 4
1109 5
1110 0
1111 1
1112 2
1113 3
1114 4
1115 5
1116 0
1117 1
1118 2
1119 3
1120 4
1121 5
1122 0
1123 1
1124 2
1125 3
1126 4
1127 5
1128 0
1129 1
1130 2
1131 3
1132 4
1133 5
1134 0
1135 1
1136 2
1137 3
1138 4
1139 5
1140 0
1141 1
1142 2
1143 3
1144 4
1145 5
1146 0
1147 1
1148 2
1149 3
1150 4
1151 5
1152 0
1153 1
1154 2
1155 3
1156 4
1157 5
1158 0
1159 1
1160 2
1161 3
1162 4
1163 5
1164 0
1165 1
1166 2
1167 3
1168 4
1169 5
1170 0
1171 1
1172 2
1173 3
1174 4
1175 5
1176 0
1177 1
1178 2
1179 3
1180 4
1181 5
1182 0
1183 1
1184 2
1185 3
1186 4
1187 5
1188 0
1189 1
1190 2
1191 3
1192 4
1193 5
1194 0
1195 1
1196 2
1197 3
1198 4
1199 5
1200 0
1201 1
1202 2
1203 3
1204 4
1205 5
1206 0
1207 1
1208 2
1209 3
1210 4
1211 5
1212 0
1213 1
1214 2
1215 3
1216 4
1217 5
1218 0
1219 1
1220 2
1221 3
1222 4
1223 5
1224 0
1225 1
1226 2
1227 3
1228 4
1229 5
1230 0
1231 1
1232 2
1233 3
1234 4
1235 5
1236 0
1237 1
1238 2
1239 3
1240 4
1241 5
1242 0
1243 1
1244 2
1245 3
1246 4
1247 5
1248 0
1249 1
1250 2
1251 3
1252 4
1253 5
1254 0
1255 1
1256 2
1257 3
1258 4
1259 5
1260 0
1261 1
1262 2
1263 3
1264 4
1265 5
1266 0
1267 1
1268 2
1269 3
1270 4
1271 5
1272 0
1273 1
1274 2
1275 3
1276 4
1277 5
1278 0
1279 1
1280 2
1281 3
1282 4
1283 5
1284 0
1285 1
1286 2
1287 3
1288 4
1289 5
1290 0
1291 1
1292 2
1293 3
1294 4
1295 5
1296 0
1297 1
1298 2
1299 3
1300 4
1301 5
1302 0
1303 1
1304 2
1305 3
1306 4
1307 5
1308 0
1309 1
1310 2
1311 3
1312 4
1313 5
1314 0
1315 1
1316 2
1317 3
1318 4
1319 5
1320 0
1321 1
1322 2
1323 3
1324 4
1325 5
1326 0
1327 1
1328 2
1329 3
1330 4
1331 5
1332 0
1333 1
1334 2
1335 3
1336 4
1337 5
1338 0
1339 1
1340 2
1341 3
1342 4
1343 5
1344 0
1345 1
1346 2
1347 3
1348 4
1349 5
1350 0
1351 1
1352 2
1353 3
1354 4
1355 5
1356 0
1357 1
1358 2
1359 3
1360 4
1361 5
1362 0
1363 1
1364 2
1365 3
1366 4
1367 5
1368 0
1369 1
1370 2
1371 3
1372 4
1373 5
1374 0
1375 1
1376 2
1377 3
1378 4
1379 5
1380 0
1381 1
1382 2
1383 3
1384 4
1385 5
1386 0
1387 1
1388 2
1389 3
1390 4
1391 5
1392 0
1393 1
1394 2
1395 3
1396 4
1397 5
1398 0
1399 1
1400 2
1401 3
1402 4
1403 5
1404 0
1405 1
1406 2
1407 3
1408 4
1409 5
1410 0
1411 1
1412 2
1413 3
1414 4
1415 5
1416 0
1417 1
1418 2
1419 3
1420 4
1421 5
1422 0
1423 1
1424 2
1425 3
1426 4
1427 5
1428 0
1429 1
1430 2
1431 3
1432 4
1433 5
1434 0
1435 1
1436 2
1437 3
1438 4
1439 5
1440 0
1441 1
1442 2
1443 3
1444 4
1445 5
1446 0
1447 1
1448 2
1449 3
1450 4
1451 5
1452 0
1453 1
1454 2
1455 3
1456 4
1457 5
1458 0
1459 1
1460 2
1461 3
1462 4
1463 5
1464 0
1465 1
1466 2
1467 3
1468 4
1469 5
1470 0
1471 1
1472 2
1473 3
1474 4
1475 5
1476 0
1477 1
1478 2
1479 3
1480 4
1481 5
1482 0
1483 1
1484 2
1485 3
1486 4
1487 5
1488 0
1489 1
1490 2
1491 3
1492 4
1493 5
1494 0
1495 1
1496 2
1497 3
1498 4
1499 5
1500 0
1501 1
1502 2
1503 3
1504 4
1505 5
1506 0
1507 1
1508 2
1509 3
1510 4
1511 5
1512 0
1513 1
1514 2
1515 3
1516 4
1517 5
1518 0
1519 1
1520 2
1521 3
1522 4
1523 5
1524 0
1525 1
1526 2
1527 3
1528 4
1529 5
1530 0
1531 1
1532 2
1533 3
1534 4
1535 5
1536 0
1537 1
1538 2
1539 3
1540 4
1541 5
1542 0
1543 1
1544 2
1545 3
1546 4
1547 5
1548 0
1549 1
1550 2
1551 3
1552 4
1553 5
1554 0
1555 1
1556 2
1557 3
1558 4
1559 5
1560 0
1561 1
1562 2
1563 3
1564 4
1565 5
1566 0
1567 1
1568 2
1569 3
1570 4
1571 5
1572 0
1573 1
1574 2
1575 3
1576 4
1577 5
1578 0
1579 1
1580 2
1581 3
1582 4
1583 5
1584 0
1585 1
1586 2
1587 3
1588 4
1589 5
1590 0
1591 1
1592 2
1593 3
1594 4
1595 5
1596 0
1597 1
1598 2
1599 3
1600 4
1601 5
1602 0
1603 1
1604 2
1605 3
1606 4
1607 5
1608 0
1609 1
1610 2
1611 3
1612 4
1613 5
1614 0
1615 1
1616 2
1617 3
1618 4
1619 5
1620 0
1621 1
1622 2
1623 3
1624 4
1625 5
1626 0
1627 1
1628 2
1629 3
1630 4
1631 5
1632 0
1633 1
1634 2
1635 3
1636 4
1637 5
1638 0
1639 1
1640 2
1641 3
1642 4
1643 5
1644 0
1645 1
1646 2
1647 3
1648 4
1649 5
1650 0
1651 1
1652 2
1653 3
1654 4
1655 5
1656 0
1657 1
1658 2
1659 3
1660 4
1661 5
1662 0
1663 1
1664 2
1665 3
1666 4
1667 5
1668 0
1669 1
1670 2
1671 3
1672 4
1673 5
1674 0
1675 1
1676 2
1677 3
1678 4
1679 5
1680 0
1681 1
1682 2
1683 3
1684 4
1685 5
1686 0
1687 1
1688 2
1689 3
1690 4
1691 5
1692 0
1693 1
1694 2
1695 3
1696 4
1697 5
1698 0
1699 1
1700 2
1701 3
1702 4
1703 5
1704 0
1705 1
1706 2
1707 3
1708 4
1709 5
1710 0
1711 1
1712 2
1713 3
1714 4
1715 5
1716 0
1717 1
1718 2
1719 3
1720 4
1721 5
1722 0
1723 1
1724 2
1725 3
1726 4
1727 5
1728 0
1729 1
1730 2
1731 3
1732 4
1733 5
1734 0
1735 1
1736 2
1737 3
1738 4
1739 5
1740 0
1741 1
1742 2
1743 3
1744 4
1745 5
1746 0
1747 1
1748 2
1749 3
1750 4
1751 5
1752 0
1753 1
1754 2
1755 3
1756 4
1757 5
1758 0
1759 1
1760 2
1761 3
1762 4
1763 5
1764 0
1765 1
1766 2
1767 3
1768 4
1769 5
1770 0
1771 1
1772 2
1773 3
1774 4
1775 5
1776 0
1777 1
1778 2
1779 3
1780 4
1781 5
1782 0
1783 1
1784 2
1785 3
1786 4
1787 5
1788 0
1789 1
1790 2
1791 3
1792 4
1793 5
1794 0
1795 1
1796 2
1797 3
1798 4
1799 5
1800 0
1801 1
1802 2
1803 3
1804 4
1805 5
1806 0
1807 1
1808 2
1809 3
1810 4
1811 5
1812 0
1813 1
1814 2
1815 3
1816 4
1817 5
1818 0
1819 1
1820 2
1821 3
1822 4
1823 5
1824 0
1825 1
1826 2
1827 3
1828 4
1829 5
1830 0
1831 1
1832 2
1833 3
1834 4
1835 5
1836 0
1837 1
1838 2
1839 3
1840 4
1841 5
1842 0
1843 1
1844 2
1845 3
1846 4
1847 5
1848 0
1849 1
1850 2
1851 3
1852 4
1853 5
1854 0
1855 1
1856 2
1857 3
1858 4
1859 5
1860 0
1861 1
1862 2
1863 3
1864 4
1865 5
1866 0
1867 1
1868 2
1869 3
1870 4
1871 5
1872 0
1873 1
1874 2
1875 3
1876 4
1877 5
1878 0
1879 1
1880 2
1881 3
1882 4
1883 5
1884 0
1885 1
1886 2
1887 3
1888 4
1889 5
1890 0
1891 1
1892 2
1893 3
1894 4
1895 5
1896 0
1897 1
1898 2
1899 3
1900 4
1901 5
1902 0
1903 1
1904 2
1905 3
1906 4
1907 5
1908 0
1909 1
1910 2
1911 3
1912 4
1913 5
1914 0
1915 1
1916 2
1917 3
1918 4
1919 5
1920 0
1921 1
1922 2
1923 3
1924 4
1925 5
1926 0
1927 1
1928 2
1929 3
1930 4
1931 5
1932 0
1933 1
1934 2
1935 3
1936 4
1937 5
1938 0
1939 1
1940 2
1941 3
1942 4
1943 5
1944 0
1945 1
1946 2
1947 3
1948 4
1949 5
1950 0
1951 1
1952 2
1953 3
1954 4
1955 5
1956 0
1957 1
1958 2
1959 3
1960 4
1961 5
1962 0
1963 1
1964 2
1965 3
1966 4
1967 5
1968 0
1969 1
1970 2
1971 3
1972 4
1973 5
1974 0
1975 1
1976 2
1977 3
1978 4
1979 5
1980 0
1981 1
1982 2
1983 3
1984 4
1985 5
1986 0
1987 1
1988 2
1989 3
1990 4
1991 5
1992 0
1993 1
1994 2
1995 3
1996 4
1997 5
1998 0
1999 1
2000 2
2001 3
2002 4
2003 5
2004 0
2005 1
2006 2
2007 3
2008 4
2009 5
2010 0
2011 1
2012 2
2013 3
2014 4
2015 5
2016 0
2017 1
2018 2
2019 3
2020 4
2021 5
2022 0
2023 1
2024 2
2025 3
2026 4
2027 5
2028 0
2029 1
2030 2
2031 3
2032 4
2033 5
2034 0
2035 1
2036 2
2037 3
2038 4
2039 5
2040 0
2041 1
2042 2
2043 3
2044 4
2045 5
2046 0
2047 1
2048 2
2049 3
2050 4
2051 5
2052 0
2053 1
2054 2
2055 3
2056 4
2057 5
2058 0
2059 1
2060 2
2061 3
2062 4
2063 5
2064 0
2065 1
2066 2
2067 3
2068 4
2069 5
2070 0
2071 1
2072 2
2073 3
2074 4
2075 5
2076 0
2077 1
2078 2
2079 3
2080 4
2081 5
2082 0
2083 1
2084 2
2085 3
2086 4
2087 5
2088 0
2089 1
2090 2
2091 3
2092 4
2093 5
2094 0
2095 1
2096 2
2097 3
2098 4
2099 5
2100 0
2101 1
2102 2
2103 3
2104 4
2105 5
2106 0
2107 1
2108 2
2109 3
2110 4
2111 5
2112 0
2113 1
2114 2
2115 3
2116 4
2117 5
2118 0
2119 1
2120 2
2121 3
2122 4
2123 5
2124 0
2125 1
2126 2
2127 3
2128 4
2129 5
2130 0
2131 1
2132 2
2133 3
2134 4
2135 5
2136 0
2137 1
2138 2
2139 3
2140 4
2141 5
2142 0
2143 1
2144 2
2145 3
2146 4
2147 5
2148 0
2149 1
2150 2
2151 3
2152 4
2153 5
2154 0
2155 1
2156 2
2157 3
2158 4
2159 5
2160 0
2161 1
2162 2
2163 3
2164 4
2165 5
2166 0
2167 1
2168 2
2169 3
2170 4
2171 5
2172 0
2173 1
2174 2
2175 3
2176 4
2177 5
2178 0
2179 1
2180 2
2181 3
2182 4
2183 5
2184 0
2185 1
2186 2
2187 3
2188 4
2189 5
2190 0
2191 1
2192 2
2193 3
2194 4
2195 5
2196 0
2197 1
2198 2
2199 3
2200 4
2201 5
2202 0
2203 1
2204 2
2205 3
2206 4
2207 5
2208 0
2209 1
2210 2
2211 3
2212 4
2213 5
2214 0
2215 1
2216 2
2217 3
2218 4
2219 5
2220 0
2221 1
2222 2
2223 3
2224 4
2225 5
2226 0
2227 1
2228 2
2229 3
2230 4
2231 5
2232 0
2233 1
2234 2
2235 3
2236 4
2237 5
2238 0
2239 1
2240 2
2241 3
2242 4
2243 5
2244 0
2245 1
2246 2
2247 3
2248 4
2249 5
2250 0
2251 1
2252 2
2253 3
2254 4
2255 5
2256 0
2257 1
2258 2
2259 3
2260 4
2261 5
2262 0
2263 1
2264 2
2265 3
2266 4
2267 5
2268 0
2269 1
2270 2
2271 3
2272 4
2273 5
2274 0
2275 1
2276 2
2277 3
2278 4
2279 5
2280 0
2281 1
2282 2
2283 3
2284 4
2285 5
2286 0
2287 1
2288 2
2289 3
2290 4
2291 5
2292 0
2293 1
2294 2
2295 3
2296 4
2297 5
2298 0
2299 1
2300 2
2301 3
2302 4
2303 5
2304 0
2305 1
2306 2
2307 3
2308 4
2309 5
2310 0
2311 1
2312 2
2313 3
2314 4
2315 5
2316 0
2317 1
2318 2
2319 3
2320 4
2321 5
2322 0
2323 1
2324 2
2325 3
2326 4
2327 5
2328 0
2329 1
2330 2
2331 3
2332 4
2333 5
2334 0
2335 1
2336 2
2337 3
2338 4
2339 5
2340 0
2341 1
2342 2
2343 3
2344 4
2345 5
2346 0
2347 1
2348 2
2349 3
2350 4
2351 5
2352 0
2353 1
2354 2
2355 3
2356 4
2357 5
2358 0
2359 1
2360 2
2361 3
2362 4
2363 5
2364 0
2365 1
2366 2
2367 3
2368 4
2369 5
2370 0
2371 1
2372 2
2373 3
2374 4
2375 5
2376 0
2377 1
2378 2
2379 3
2380 4
2381 5
2382 0
2383 1
2384 2
2385 3
2386 4
2387 5
2388 0
2389 1
2390 2
2391 3
2392 4
2393 5
2394 0
2395 1
2396 2
2397 3
2398 4
2399 5
2400 0
2401 1
2402 2
2403 3
2404 4
2405 5
2406 0
2407 1
2408 2
2409 3
2410 4
2411 5
2412 0
2413 1
2414 2
2415 3
2416 4
2417 5
2418 0
2419 1
2420 2
2421 3
2422 4
2423 5
2424 0
2425 1
2426 2
2427 3
2428 4
2429 5
2430 0
2431 1
2432 2
2433 3
2434 4
2435 5
2436 0
2437 1
2438 2
2439 3
2440 4
2441 5
2442 0
2443 1
2444 2
2445 3
2446 4
2447 5
2448 0
2449 1
2450 2
2451 3
2452 4
2453 5
2454 0
2455 1
2456 2
2457 3
2458 4
2459 5
2460 0
2461 1
2462 2
2463 3
2464 4
2465 5
2466 0
2467 1
2468 2
2469 3
2470 4
2471 5
2472 0
2473 1
2474 2
2475 3
2476 4
2477 5
2478 0
2479 1
2480 2
2481 3
2482 4
2483 5
2484 0
2485 1
2486 2
2487 3
2488 4
2489 5
2490 0
2491 1
2492 2
2493 3
2494 4
2495 5
2496 0
2497 1
2498 2
2499 3
2500 4
2501 5
2502 0
2503 1
2504 2
2505 3
2506 4
2507 5
2508 0
2509 1
2510 2
2511 3
2512 4
2513 5
2514 0
2515 1
2516 2
2517 3
2518 4
2519 5
2520 0
2521 1
2522 2
2523 3
2524 4
2525 5
2526 0
2527 1
2528 2
2529 3
2530 4
2531 5
2532 0
2533 1
2534 2
2535 3
2536 4
2537 5
2538 0
2539 1
2540 2
2541 3
2542 4
2543 5
2544 0
2545 1
2546 2
2547 3
2548 4
2549 5
2550 0
2551 1
2552 2
2553 3
2554 4
2555 5
2556 0
2557 1
2558 2
2559 3
2560 4
2561 5
2562 0
2563 1
2564 2
2565 3
2566 4
2567 5
2568 0
2569 1
2570 2
2571 3
2572 4
2573 5
2574 0
2575 1
2576 2
2577 3
2578 4
2579 5
2580 0
2581 1
2582 2
2583 3
2584 4
2585 5
2586 0
2587 1
2588 2
2589 3
2590 4
2591 5
2592 0
2593 1
2594 2
2595 3
2596 4
2597 5
2598 0
2599 1
2600 2
2601 3
2602 4
2603 5
2604 0
2605 1
2606 2
2607 3
2608 4
2609 5
2610 0
2611 1
2612 2
2613 3
2614 4
2615 5
2616 0
2617 1
2618 2
2619 3
2620 4
2621 5
2622 0
2623 1
2624 2
2625 3
2626 4
2627 5
2628 0
2629 1
2630 2
2631 3
2632 4
2633 5
2634 0
2635 1
2636 2
2637 3
2638 4
2639 5
2640 0
2641 1
2642 2
2643 3
2644 4
2645 5
2646 0
2647 1
2648 2
2649 3
2650 4
2651 5
2652 0
2653 1
2654 2
2655 3
2656 4
2657 5
2658 0
2659 1
2660 2
2661 3
2662 4
2663 5
2664 0
2665 1
2666 2
2667 3
2668 4
2669 5
2670 0
2671 1
2672 2
2673 3
2674 4
2675 5
2676 0
2677 1
2678 2
2679 3
2680 4
2681 5
2682 0
2683 1
2684 2
2685 3
2686 4
2687 5
2688 0
2689 1
2690 2
2691 3
2692 4
2693 5
2694 0
2695 1
2696 2
2697 3
2698 4
2699 5
2700 0
2701 1
2702 2
2703 3
2704 4
2705 5
2706 0
2707 1
2708 2
2709 3
2710 4
2711 5
2712 0
2713 1
2714 2
2715 3
2716 4
2717 5
2718 0
2719 1
2720 2
2721 3
2722 4
2723 5
2724 0
2725 1
2726 2
2727 3
2728 4
2729 5
2730 0
2731 1
2732 2
2733 3
2734 4
2735 5
2736 0
2737 1
2738 2
2739 3
2740 4
2741 5
2742 0
2743 1
2744 2
2745 3
2746 4
2747 5
2748 0
2749 1
2750 2
2751 3
2752 4
2753 5
2754 0
2755 1
2756 2
2757 3
2758 4
2759 5
2760 0
2761 1
2762 2
2763 3
2764 4
2765 5
2766 0
2767 1
2768 2
2769 3
2770 4
2771 5
2772 0
2773 1
2774 2
2775 3
2776 4
2777 5
2778 0
2779 1
2780 2
2781 3
2782 4
2783 5
2784 0
2785 1
2786 2
2787 3
2788 4
2789 5
2790 0
2791 1
2792 2
2793 3
2794 4
2795 5
2796 0
2797 1
2798 2
2799 3
2800 4
2801 5
2802 0
2803 1
2804 2
2805 3
2806 4
2807 5
2808 0
2809 1
2810 2
2811 3
2812 4
2813 5
2814 0
2815 1
2816 2
2817 3
2818 4
2819 5
2820 0
2821 1
2822 2
2823 3
2824 4
2825 5
2826 0
2827 1
2828 2
2829 3
2830 4
2831 5
2832 0
2833 1
2834 2
2835 3
2836 4
2837 5
2838 0
2839 1
2840 2
2841 3
2842 4
2843 5
2844 0
2845 1
2846 2
2847 3
2848 4
2849 5
2850 0
2851 1
2852 2
2853 3
2854 4
2855 5
2856 0
2857 1
2858 2
2859 3
2860 4
2861 5
2862 0
2863 1
2864 2
2865 3
2866 4
2867 5
2868 0
2869 1
2870 2
2871 3
2872 4
2873 5
2874 0
2875 1
2876 2
2877 3
2878 4
2879 5
2880 0
2881 1
2882 2
2883 3
2884 4
2885 5
2886 0
2887 1
2888 2
2889 3
2890 4
2891 5
2892 0
2893 1
2894 2
2895 3
2896 4
2897 5
2898 0
2899 1
2900 2
2901 3
2902 4
2903 5
2904 0
2905 1
2906 2
2907 3
2908 4
2909 5
2910 0
2911 1
2912 2
2913 3
2914 4
2915 5
2916 0
2917 1
2918 2
2919 3
2920 4
2921 5
2922 0
2923 1
2924 2
2925 3
2926 4
2927 5
2928 0
2929 1
2930 2
2931 3
2932 4
2933 5
2934 0
2935 1
2936 2
2937 3
2938 4
2939 5
2940 0
2941 1
2942 2
2943 3
2944 4
2945 5
2946 0
2947 1
2948 2
2949 3
2950 4
2951 5
2952 0
2953 1
2954 2
2955 3
2956 4
2957 5
2958 0
2959 1
2960 2
2961 3
2962 4
2963 5
2964 0
2965 1
2966 2
2967 3
2968 4
2969 5
2970 0
2971 1
2972 2
2973 3
2974 4
2975 5
2976 0
2977 1
2978 2
2979 3
2980 4
2981 5
2982 0
2983 1
2984 2
2985 3
2986 4
2987 5
2988 0
2989 1
2990 2
2991 3
2992 4
2993 5
2994 0
2995 1
2996 2
2997 3
2998 4
2999 5
3000 0
3001 1
3002 2
3003 3
3004 4
3005 5
3006 0
3007 1
3008 2
3009 3
3010 4
3011 5
3012 0
3013 1
3014 2
3015 3
3016 4
3017 5
3018 0
3019 1
3020 2
3021 3
3022 4
3023 5
3024 0
3025 1
3026 2
3027 3
3028 4
3029 5
3030 0
3031 1
3032 2
3033 3
3034 4
3035 5
3036 0
3037 1
3038 2
3039 3
3040 4
3041 5
3042 0
3043 1
3044 2
3045 3
3046 4
3047 5
3048 0
3049 1
3050 2
3051 3
3052 4
3053 5
3054 0
3055 1
3056 2
3057 3
3058 4
3059 5
3060 0
3061 1
3062 2
3063 3
3064 4
3065 5
3066 0
3067 1
3068 2
3069 3
3070 4
3071 5
3072 0
3073 1
3074 2
3075 3
3076 4
3077 5
3078 0
3079 1
3080 2
3081 3
3082 4
3083 5
3084 0
3085 1
3086 2
3087 3
3088 4
3089 5
3090 0
3091 1
3092 2
3093 3
3094 4
3095 5
3096 0
3097 1
3098 2
3099 3
3100 4
3101 5
3102 0
3103 1
3104 2
3105 3
3106 4
3107 5
3108 0
3109 1
3110 2
3111 3
3112 4
3113 5
3114 0
3115 1
3116 2
3117 3
3118 4
3119 5
3120 0
3121 1
3122 2
3123 3
3124 4
3125 5
3126 0
3127 1
3128 2
3129 3
3130 4
3131 5
3132 0
3133 1
3134 2
3135 3
3136 4
3137 5
3138 0
3139 1
3140 2
3141 3
3142 4
3143 5
3144 0
3145 1
3146 2
3147 3
3148 4
3149 5
3150 0
3151 1
3152 2
3153 3
3154 4
3155 5
3156 0
3157 1
3158 2
3159 3
3160 4
3161 5
3162 0
3163 1
3164 2
3165 3
3166 4
3167 5
3168 0
3169 1
3170 2
3171 3
3172 4
3173 5
3174 0
3175 1
3176 2
3177 3
3178 4
3179 5
3180 0
3181 1
3182 2
3183 3
3184 4
3185 5
3186 0
3187 1
3188 2
3189 3
3190 4
3191 5
3192 0
3193 1
3194 2
3195 3
3196 4
3197 5
3198 0
3199 1
3200 2
3201 3
3202 4
3203 5
3204 0
3205 1
3206 2
3207 3
3208 4
3209 5
3210 0
3211 1
3212 2
3213 3
3214 4
3215 5
3216 0
3217 1
3218 2
3219 3
3220 4
3221 5
3222 0
3223 1
3224 2
3225 3
3226 4
3227 5
3228 0
3229 1
3230 2
3231 3
3232 4
3233 5
3234 0
3235 1
3236 2
3237 3
3238 4
3239 5
3240 0
3241 1
3242 2
3243 3
3244 4
3245 5
3246 0
3247 1
3248 2
3249 3
3250 4
3251 5
3252 0
3253 1
3254 2
3255 3
3256 4
3257 5
3258 0
3259 1
3260 2
3261 3
3262 4
3263 5
3264 0
3265 1
3266 2
3267 3
3268 4
3269 5
3270 0
3271 1
3272 2
3273 3
3274 4
3275 5
3276 0
3277 1
3278 2
3279 3
3280 4
3281 5
3282 0
3283 1
3284 2
3285 3
3286 4
3287 5
3288 0
3289 1
3290 2
3291 3
3292 4
3293 5
3294 0
3295 1
3296 2
3297 3
3298 4
3299 5
3300 0
3301 1
3302 2
3303 3
3304 4
3305 5
3306 0
3307 1
3308 2
3309 3
3310 4
3311 5
3312 0
3313 1
3314 2
3315 3
3316 4
3317 5
3318 0
3319 1
3320 2
3321 3
3322 4
3323 5
3324 0
3325 1
3326 2
3327 3
3328 4
3329 5
3330 0
3331 1
3332 2
3333 3
3334 4
3335 5
3336 0
3337 1
3338 2
3339 3
3340 4
3341 5
3342 0
3343 1
3344 2
3345 3
3346 4
3347 5
3348 0
3349 1
3350 2
3351 3
3352 4
3353 5
3354 0
3355 1
3356 2
3357 3
3358 4
3359 5
3360 0
3361 1
3362 2
3363 3
3364 4
3365 5
3366 0
3367 1
3368 2
3369 3
3370 4
3371 5
3372 0
3373 1
3374 2
3375 3
3376 4
3377 5
3378 0
3379 1
3380 2
3381 3
3382 4
3383 5
3384 0
3385 1
3386 2
3387 3
3388 4
3389 5
3390 0
3391 1
3392 2
3393 3
3394 4
3395 5
3396 0
3397 1
3398 2
3399 3
3400 4
3401 5
3402 0
3403 1
3404 2
3405 3
3406 4
3407 5
3408 0
3409 1
3410 2
3411 3
3412 4
3413 5
3414 0
3415 1
3416 2
3417 3
3418 4
3419 5
3420 0
3421 1
3422 2
3423 3
3424 4
3425 5
3426 0
3427 1
3428 2
3429 3
3430 4
3431 5
3432 0
3433 1
3434 2
3435 3
3436 4
3437 5
3438 0
3439 1
3440 2
3441 3
3442 4
3443 5
3444 0
3445 1
3446 2
3447 3
3448 4
3449 5
3450 0
3451 1
3452 2
3453 3
3454 4
3455 5
3456 0
3457 1
3458 2
3459 3
3460 4
3461 5
3462 0
3463 1
3464 2
3465 3
3466 4
3467 5
3468 0
3469 1
3470 2
3471 3
3472 4
3473 5
3474 0
3475 1
3476 2
3477 3
3478 4
3479 5
3480 0
3481 1
3482 2
3483 3
3484 4
3485 5
3486 0
3487 1
3488 2
3489 3
3490 4
3491 5
3492 0
3493 1
3494 2
3495 3
3496 4
3497 5
3498 0
3499 1
3500 2
3501 3
3502 4
3503 5
3504 0
3505 1
3506 2
3507 3
3508 4
3509 5
3510 0
3511 1
3512 2
3513 3
3514 4
3515 5
3516 0
3517 1
3518 2
3519 3
3520 4
3521 5
3522 0
3523 1
3524 2
3525 3
3526 4
3527 5
3528 0
3529 1
3530 2
3531 3
3532 4
3533 5
3534 0
3535 1
3536 2
3537 3
3538 4
3539 5
3540 0
3541 1
3542 2
3543 3
3544 4
3545 5
3546 0
3547 1
3548 2
3549 3
3550 4
3551 5
3552 0
3553 1
3554 2
3555 3
3556 4
3557 5
3558 0
3559 1
3560 2
3561 3
3562 4
3563 5
3564 0
3565 1
3566 2
3567 3
3568 4
3569 5
3570 0
3571 1
3572 2
3573 3
3574 4
3575 5
3576 0
3577 1
3578 2
3579 3
3580 4
3581 5
3582 0
3583 1
3584 2
3585 3
3586 4
3587 5
3588 0
3589 1
3590 2
3591 3
3592 4
3593 5
3594 0
3595 1
3596 2
3597 3
3598 4
3599 5
3600 0
3601 1
3602 2
3603 3
3604 4
3605 5
3606 0
3607 1
3608 2
3609 3
3610 4
3611 5
3612 0
3613 1
3614 2
3615 3
3616 4
3617 5
3618 0
3619 1
3620 2
3621 3
3622 4
3623 5
3624 0
3625 1
3626 2
3627 3
3628 4
3629 5
3630 0
3631 1
3632 2
3633 3
3634 4
3635 5
3636 0
3637 1
3638 2
3639 3
3640 4
3641 5
3642 0
3643 1
3644 2
3645 3
3646 4
3647 5
3648 0
3649 1
3650 2
3651 3
3652 4
3653 5
3654 0
3655 1
3656 2
3657 3
3658 4
3659 5
3660 0
3661 1
3662 2
3663 3
3664 4
3665 5
3666 0
3667 1
3668 2
3669 3
3670 4
3671 5
3672 0
3673 1
3674 2
3675 3
3676 4
3677 5
3678 0
3679 1
3680 2
3681 3
3682 4
3683 5
3684 0
3685 1
3686 2
3687 3
3688 4
3689 5
3690 0
3691 1
3692 2
3693 3
3694 4
3695 5
3696 0
3697 1
3698 2
3699 3
3700 4
3701 5
3702 0
3703 1
3704 2
3705 3
3706 4
3707 5
3708 0
3709 1
3710 2
3711 3
3712 4
3713 5
3714 0
3715 1
3716 2
3717 3
3718 4
3719 5
3720 0
3721 1
3722 2
3723 3
3724 4
3725 5
3726 0
3727 1
3728 2
3729 3
3730 4
3731 5
3732 0
3733 1
3734 2
3735 3
3736 4
3737 5
3738 0
3739 1
3740 2
3741 3
3742 4
3743 5
3744 0
3745 1
3746 2
3747 3
3748 4
3749 5
3750 0
3751 1
3752 2
3753 3
3754 4
3755 5
3756 0
3757 1
3758 2
3759 3
3760 4
3761 5
3762 0
3763 1
3764 2
3765 3
3766 4
3767 5
3768 0
3769 1
3770 2
3771 3
3772 4
3773 5
3774 0
3775 1
3776 2
3777 3
3778 4
3779 5
3780 0
3781 1
3782 2
3783 3
3784 4
3785 5
3786 0
3787 1
3788 2
3789 3
3790 4
3791 5
3792 0
3793 1
3794 2
3795 3
3796 4
3797 5
3798 0
3799 1
3800 2
3801 3
3802 4
3803 5
3804 0
3805 1
3806 2
3807 3
3808 4
3809 5
3810 0
3811 1
3812 2
3813 3
3814 4
3815 5
3816 0
3817 1
3818 2
3819 3
3820 4
3821 5
3822 0
3823 1
3824 2
3825 3
3826 4
3827 5
3828 0
3829 1
3830 2
3831 3
3832 4
3833 5
3834 0
3835 1
3836 2
3837 3
3838 4
3839 5
3840 0
3841 1
3842 2
3843 3
3844 4
3845 5
3846 0
3847 1
3848 2
3849 3
3850 4
3851 5
3852 0
3853 1
3854 2
3855 3
3856 4
3857 5
3858 0
3859 1
3860 2
3861 3
3862 4
3863 5
3864 0
3865 1
3866 2
3867 3
3868 4
3869 5
3870 0
3871 1
3872 2
3873 3
3874 4
3875 5
3876 0
3877 1
3878 2
3879 3
3880 4
3881 5
3882 0
3883 1
3884 2
3885 3
3886 4
3887 5
3888 0
3889 1
3890 2
3891 3
3892 4
3893 5
3894 0
3895 1
3896 2
3897 3
3898 4
3899 5
3900 0
3901 1
3902 2
3903 3
3904 4
3905 5
3906 0
3907 1
3908 2
3909 3
3910 4
3911 5
3912 0
3913 1
3914 2
3915 3
3916 4
3917 5
3918 0
3919 1
3920 2
3921 3
3922 4
3923 5
3924 0
3925 1
3926 2
3927 3
3928 4
3929 5
3930 0
3931 1
3932 2
3933 3
3934 4
3935 5
3936 0
3937 1
3938 2
3939 3
3940 4
3941 5
3942 0
3943 1
3944 2
3945 3
3946 4
3947 5
3948 0
3949 1
3950 2
3951 3
3952 4
3953 5
3954 0
3955 1
3956 2
3957 3
3958 4
3959 5
3960 0
3961 1
3962 2
3963 3
3964 4
3965 5
3966 0
3967 1
3968 2
3969 3
3970 4
3971 5
3972 0
3973 1
3974 2
3975 3
3976 4
3977 5
3978 0
3979 1
3980 2
3981 3
3982 4
3983 5
3984 0
3985 1
3986 2
3987 3
3988 4
3989 5
3990 0
3991 1
3992 2
3993 3
3994 4
3995 5
3996 0
3997 1
3998 2
3999 3
4000 4
4001 5
4002 0
4003 1
4004 2
4005 3
4006 4
4007 5
4008 0
4009 1
4010 2
4011 3
4012 4
4013 5
4014 0
4015 1
4016 2
4017 3
4018 4
4019 5
4020 0
4021 1
4022 2
4023 3
4024 4
4025 5
4026 0
4027 1
4028 2
4029 3
4030 4
4031 5
4032 0
4033 1
4034 2
4035 3
4036 4
4037 5
4038 0
4039 1
4040 2
4041 3
4042 4
4043 5
4044 0
4045 1
4046 2
4047 3
4048 4
4049 5
4050 0
4051 1
4052 2
4053 3
4054 4
4055 5
4056 0
4057 1
4058 2
4059 3
4060 4
4061 5
4062 0
4063 1
4064 2
4065 3
4066 4
4067 5
4068 0
4069 1
4070 2
4071 3
4072 4
4073 5
4074 0
4075 1
4076 2
4077 3
4078 4
4079 5
4080 0
4081 1
4082 2
4083 3
4084 4
4085 5
4086 0
4087 1
4088 2
4089 3
4090 4
4091 5
4092 0
4093 1
4094 2
4095 3
4096 4
4097 5
4098 0
4099 1
4100 2
4101 3
4102 4
4103 5
4104 0
4105 1
4106 2
4107 3
4108 4
4109 5
4110 0
4111 1
4112 2
4113 3
4114 4
4115 5
4116 0
4117 1
4118 2
4119 3
4120 4
4121 5
4122 0
4123 1
4124 2
4125 3
4126 4
4127 5
4128 0
4129 1
4130 2
4131 3
4132 4
4133 5
4134 0
4135 1
4136 2
4137 3
4138 4
4139 5
4140 0
4141 1
4142 2
4143 3
4144 4
4145 5
4146 0
4147 1
4148 2
4149 3
4150 4
4151 5
4152 0
4153 1
4154 2
4155 3
4156 4
4157 5
4158 0
4159 1
4160 2
4161 3
4162 4
4163 5
4164 0
4165 1
4166 2
4167 3
4168 4
4169 5
4170 0
4171 1
4172 2
4173 3
4174 4
4175 5
4176 0
4177 1
4178 2
4179 3
4180 4
4181 5
4182 0
4183 1
4184 2
4185 3
4186 4
4187 5
4188 0
4189 1
4190 2
4191 3
4192 4
4193 5
4194 0
4195 1
4196 2
4197 3
4198 4
4199 5
4200 0
4201 1
4202 2
4203 3
4204 4
4205 5
4206 0
4207 1
4208 2
4209 3
4210 4
4211 5
4212 0
4213 1
4214 2
4215 3
4216 4
4217 5
4218 0
4219 1
4220 2
4221 3
4222 4
4223 5
4224 0
4225 1
4226 2
4227 3
4228 4
4229 5
4230 0
4231 1
4232 2
4233 3
4234 4
4235 5
4236 0
4237 1
4238 2
4239 3
4240 4
4241 5
4242 0
4243 1
4244 2
4245 3
4246 4
4247 5
4248 0
4249 1
4250 2
4251 3
4252 4
4253 5
4254 0
4255 1
4256 2
4257 3
4258 4
4259 5
4260 0
4261 1
4262 2
4263 3
4264 4
4265 5
4266 0
4267 1
4268 2
4269 3
4270 4
4271 5
4272 0
4273 1
4274 2
4275 3
4276 4
4277 5
4278 0
4279 1
4280 2
4281 3
4282 4
4283 5
4284 0
4285 1
4286 2
4287 3
4288 4
4289 5
4290 0
4291 1
4292 2
4293 3
4294 4
4295 5
4296 0
4297 1
4298 2
4299 3
4300 4
4301 5
4302 0
4303 1
4304 2
4305 3
4306 4
4307 5
4308 0
4309 1
4310 2
4311 3
4312 4
4313 5
4314 0
4315 1
4316 2
4317 3
4318 4
4319 5
4320 0
4321 1
4322 2
4323 3
4324 4
4325 5
4326 0
4327 1
4328 2
4329 3
4330 4
4331 5
4332 0
4333 1
4334 2
4335 3
4336 4
4337 5
4338 0
4339 1
4340 2
4341 3
4342 4
4343 5
4344 0
4345 1
4346 2
4347 3
4348 4
4349 5
4350 0
4351 1
4352 2
4353 3
4354 4
4355 5
4356 0
4357 1
4358 2
4359 3
4360 4
4361 5
4362 0
4363 1
4364 2
4365 3
4366 4
4367 5
4368 0
4369 1
4370 2
4371 3
4372 4
4373 5
4374 0
4375 1
4376 2
4377 3
4378 4
4379 5
4380 0
4381 1
4382 2
4383 3
4384 4
4385 5
4386 0
4387 1
4388 2
4389 3
4390 4
4391 5
4392 0
4393 1
4394 2
4395 3
4396 4
4397 5
4398 0
4399 1
4400 2
4401 3
4402 4
4403 5
4404 0
4405 1
4406 2
4407 3
4408 4
4409 5
4410 0
4411 1
4412 2
4413 3
4414 4
4415 5
4416 0
4417 1
4418 2
4419 3
4420 4
4421 5
4422 0
4423 1
4424 2
4425 3
4426 4
4427 5
4428 0
4429 1
4430 2
4431 3
4432 4
4433 5
4434 0
4435 1
4436 2
4437 3
4438 4
4439 5
4440 0
4441 1
4442 2
4443 3
4444 4
4445 5
4446 0
4447 1
4448 2
4449 3
4450 4
4451 5
4452 0
4453 1
4454 2
4455 3
4456 4
4457 5
4458 0
4459 1
4460 2
4461 3
4462 4
4463 5
4464 0
4465 1
4466 2
4467 3
4468 4
4469 5
4470 0
4471 1
4472 2
4473 3
4474 4
4475 5
4476 0
4477 1
4478 2
4479 3
4480 4
4481 5
4482 0
4483 1
4484 2
4485 3
4486 4
4487 5
4488 0
4489 1
4490 2
4491 3
4492 4
4493 5
4494 0
4495 1
4496 2
4497 3
4498 4
4499 5
4500 0
4501 1
4502 2
4503 3
4504 4
4505 5
4506 0
4507 1
4508 2
4509 3
4510 4
4511 5
4512 0
4513 1
4514 2
4515 3
4516 4
4517 5
4518 0
4519 1
4520 2
4521 3
4522 4
4523 5
4524 0
4525 1
4526 2
4527 3
4528 4
4529 5
4530 0
4531 1
4532 2
4533 3
4534 4
4535 5
4536 0
4537 1
4538 2
4539 3
4540 4
4541 5
4542 0
4543 1
4544 2
4545 3
4546 4
4547 5
4548 0
4549 1
4550 2
4551 3
4552 4
4553 5
4554 0
4555 1
4556 2
4557 3
4558 4
4559 5
4560 0
4561 1
4562 2
4563 3
4564 4
4565 5
4566 0
4567 1
4568 2
4569 3
4570 4
4571 5
4572 0
4573 1
4574 2
4575 3
4576 4
4577 5
4578 0
4579 1
4580 2
4581 3
4582 4
4583 5
4584 0
4585 1
4586 2
4587 3
4588 4
4589 5
4590 0
4591 1
4592 2
4593 3
4594 4
4595 5
4596 0
4597 1
4598 2
4599 3
4600 4
4601 5
4602 0
4603 1
4604 2
4605 3
4606 4
4607 5
4608 0
4609 1
4610 2
4611 3
4612 4
4613 5
4614 0
4615 1
4616 2
4617 3
4618 4
4619 5
4620 0
4621 1
4622 2
4623 3
4624 4
4625 5
4626 0
4627 1
4628 2
4629 3
4630 4
4631 5
4632 0
4633 1
4634 2
4635 3
4636 4
4637 5
4638 0
4639 1
4640 2
4641 3
4642 4
4643 5
4644 0
4645 1
4646 2
4647 3
4648 4
4649 5
4650 0
4651 1
4652 2
4653 3
4654 4
4655 5
4656 0
4657 1
4658 2
4659 3
4660 4
4661 5
4662 0
4663 1
4664 2
4665 3
4666 4
4667 5
4668 0
4669 1
4670 2
4671 3
4672 4
4673 5
4674 0
4675 1
4676 2
4677 3
4678 4
4679 5
4680 0
4681 1
4682 2
4683 3
4684 4
4685 5
4686 0
4687 1
4688 2
4689 3
4690 4
4691 5
4692 0
4693 1
4694 2
4695 3
4696 4
4697 5
4698 0
4699 1
4700 2
4701 3
4702 4
4703 5
4704 0
4705 1
4706 2
4707 3
4708 4
4709 5
4710 0
4711 1
4712 2
4713 3
4714 4
4715 5
4716 0
4717 1
4718 2
4719 3
4720 4
4721 5
4722 0
4723 1
4724 2
4725 3
4726 4
4727 5
4728 0
4729 1
4730 2
4731 3
4732 4
4733 5
4734 0
4735 1
4736 2
4737 3
4738 4
4739 5
4740 0
4741 1
4742 2
4743 3
4744 4
4745 5
4746 0
4747 1
4748 2
4749 3
4750 4
4751 5
4752 0
4753 1
4754 2
4755 3
4756 4
4757 5
4758 0
4759 1
4760 2
4761 3
4762 4
4763 5
4764 0
4765 1
4766 2
4767 3
4768 4
4769 5
4770 0
4771 1
4772 2
4773 3
4774 4
4775 5
4776 0
4777 1
4778 2
4779 3
4780 4
4781 5
4782 0
4783 1
4784 2
4785 3
4786 4
4787 5
4788 0
4789 1
4790 2
4791 3
4792 4
4793 5
4794 0
4795 1
4796 2
4797 3
4798 4
4799 5
4800 0
4801 1
4802 2
4803 3
4804 4
4805 5
4806 0
4807 1
4808 2
4809 3
4810 4
4811 5
4812 0
4813 1
4814 2
4815 3
4816 4
4817 5
4818 0
4819 1
4820 2
4821 3
4822 4
4823 5
4824 0
4825 1
4826 2
4827 3
4828 4
4829 5
4830 0
4831 1
4832 2
4833 3
4834 4
4835 5
4836 0
4837 1
4838 2
4839 3
4840 4
4841 5
4842 0
4843 1
4844 2
4845 3
4846 4
4847 5
4848 0
4849 1
4850 2
4851 3
4852 4
4853 5
4854 0
4855 1
4856 2
4857 3
4858 4
4859 5
4860 0
4861 1
4862 2
4863 3
4864 4
4865 5
4866 0
4867 1
4868 2
4869 3
4870 4
4871 5
4872 0
4873 1
4874 2
4875 3
4876 4
4877 5
4878 0
4879 1
4880 2
4881 3
4882 4
4883 5
4884 0
4885 1
4886 2
4887 3
4888 4
4889 5
4890 0
4891 1
4892 2
4893 3
4894 4
4895 5
4896 0
4897 1
4898 2
4899 3
4900 4
4901 5
4902 0
4903 1
4904 2
4905 3
4906 4
4907 5
4908 0
4909 1
4910 2
4911 3
4912 4
4913 5
4914 0
4915 1
4916 2
4917 3
4918 4
4919 5
4920 0
4921 1
4922 2
4923 3
4924 4
4925 5
4926 0
4927 1
4928 2
4929 3
4930 4
4931 5
4932 0
4933 1
4934 2
4935 3
4936 4
4937 5
4938 0
4939 1
4940 2
4941 3
4942 4
4943 5
4944 0
4945 1
4946 2
4947 3
4948 4
4949 5
4950 0
4951 1
4952 2
4953 3
4954 4
4955 5
4956 0
4957 1
4958 2
4959 3
4960 4
4961 5
4962 0
4963 1
4964 2
4965 3
4966 4
4967 5
4968 0
4969 1
4970 2
4971 3
4972 4
4973 5
4974 0
4975 1
4976 2
4977 3
4978 4
4979 5
4980 0
4981 1
4982 2
4983 3
4984 4
4985 5
4986 0
4987 1
4988 2
4989 3
4990 4
4991 5
4992 0
4993 1
4994 2
4995 3
4996 4
4997 5
4998 0
4999 1
5000 2
5001 3
5002 4
5003 5
5004 0
5005 1
5006 2
5007 3
5008 4
5009 5
5010 0
5011 1
5012 2
5013 3
5014 4
5015 5
5016 0
5017 1
5018 2
5019 3
5020 4
5021 5
5022 0
5023 1
5024 2
5025 3
5026 4
5027 5
5028 0
5029 1
5030 2
5031 3
5032 4
5033 5
5034 0
5035 1
5036 2
5037 3
5038 4
5039 5
5040 0
5041 1
5042 2
5043 3
5044 4
5045 5
5046 0
5047 1
5048 2
5049 3
5050 4
5051 5
5052 0
5053 1
5054 2
5055 3
5056 4
5057 5
5058 0
5059 1
5060 2
5061 3
5062 4
5063 5
5064 0
5065 1
5066 2
5067 3
5068 4
5069 5
5070 0
5071 1
5072 2
5073 3
5074 4
5075 5
5076 0
5077 1
5078 2
5079 3
5080 4
5081 5
5082 0
5083 1
5084 2
5085 3
5086 4
5087 5
5088 0
5089 1
5090 2
5091 3
5092 4
5093 5
5094 0
5095 1
5096 2
5097 3
5098 4
5099 5
5100 0
5101 1
5102 2
5103 3
5104 4
5105 5
5106 0
5107 1
5108 2
5109 3
5110 4
5111 5
5112 0
5113 1
5114 2
5115 3
5116 4
5117 5
5118 0
5119 1
5120 2
5121 3
5122 4
5123 5
5124 0
5125 1
5126 2
5127 3
5128 4
5129 5
5130 0
5131 1
5132 2
5133 3
5134 4
5135 5
5136 0
5137 1
5138 2
5139 3
5140 4
5141 5
5142 0
5143 1
5144 2
5145 3
5146 4
5147 5
5148 0
5149 1
5150 2
5151 3
5152 4
5153 5
5154 0
5155 1
5156 2
5157 3
5158 4
5159 5
5160 0
5161 1
5162 2
5163 3
5164 4
5165 5
5166 0
5167 1
5168 2
5169 3
5170 4
5171 5
5172 0
5173 1
5174 2
5175 3
5176 4
5177 5
5178 0
5179 1
5180 2
5181 3
5182 4
5183 5
5184 0
5185 1
5186 2
5187 3
5188 4
5189 5
5190 0
5191 1
5192 2
5193 3
5194 4
5195 5
5196 0
5197 1
5198 2
5199 3
5200 4
5201 5
5202 0
5203 1
5204 2
5205 3
5206 4
5207 5
5208 0
5209 1
5210 2
5211 3
5212 4
5213 5
5214 0
5215 1
5216 2
5217 3
5218 4
5219 5
5220 0
5221 1
5222 2
5223 3
5224 4
5225 5
5226 0
5227 1
5228 2
5229 3
5230 4
5231 5
5232 0
5233 1
5234 2
5235 3
5236 4
5237 5
5238 0
5239 1
5240 2
5241 3
5242 4
5243 5
5244 0
5245 1
5246 2
5247 3
5248 4
5249 5
5250 0
5251 1
5252 2
5253 3
5254 4
5255 5
5256 0
5257 1
5258 2
5259 3
5260 4
5261 5
5262 0
5263 1
5264 2
5265 3
5266 4
5267 5
5268 0
5269 1
5270 2
5271 3
5272 4
5273 5
5274 0
5275 1
5276 2
5277 3
5278 4
5279 5
5280 0
5281 1
5282 2
5283 3
5284 4
5285 5
5286 0
5287 1
5288 2
5289 3
5290 4
5291 5
5292 0
5293 1
5294 2
5295 3
5296 4
5297 5
5298 0
5299 1
5300 2
5301 3
5302 4
5303 5
5304 0
5305 1
5306 2
5307 3
5308 4
5309 5
5310 0
5311 1
5312 2
5313 3
5314 4
5315 5
5316 0
5317 1
5318 2
5319 3
5320 4
5321 5
5322 0
5323 1
5324 2
5325 3
5326 4
5327 5
5328 0
5329 1
5330 2
5331 3
5332 4
5333 5
5334 0
5335 1
5336 2
5337 3
5338 4
5339 5
5340 0
5341 1
5342 2
5343 3
5344 4
5345 5
5346 0
5347 1
5348 2
5349 3
5350 4
5351 5
5352 0
5353 1
5354 2
5355 3
5356 4
5357 5
5358 0
5359 1
5360 2
5361 3
5362 4
5363 5
5364 0
5365 1
5366 2
5367 3
5368 4
5369 5
5370 0
5371 1
5372 2
5373 3
5374 4
5375 5
5376 0
5377 1
5378 2
5379 3
5380 4
5381 5
5382 0
5383 1
5384 2
5385 3
5386 4
5387 5
5388 0
5389 1
5390 2
5391 3
5392 4
5393 5
5394 0
5395 1
5396 2
5397 3
5398 4
5399 5
5400 0
5401 1
5402 2
5403 3
5404 4
5405 5
5406 0
5407 1
5408 2
5409 3
5410 4
5411 5
5412 0
5413 1
5414 2
5415 3
5416 4
5417 5
5418 0
5419 1
5420 2
5421 3
5422 4
5423 5
5424 0
5425 1
5426 2
5427 3
5428 4
5429 5
5430 0
5431 1
5432 2
5433 3
5434 4
5435 5
5436 0
5437 1
5438 2
5439 3
5440 4
5441 5
5442 0
5443 1
5444 2
5445 3
5446 4
5447 5
5448 0
5449 1
5450 2
5451 3
5452 4
5453 5
5454 0
5455 1
5456 2
5457 3
5458 4
5459 5
5460 0
5461 1
5462 2
5463 3
5464 4
5465 5
5466 0
5467 1
5468 2
5469 3
5470 4
5471 5
5472 0
5473 1
5474 2
5475 3
5476 4
5477 5
5478 0
5479 1
5480 2
5481 3
5482 4
5483 5
5484 0
5485 1
5486 2
5487 3
5488 4
5489 5
5490 0
5491 1
5492 2
5493 3
5494 4
5495 5
5496 0
5497 1
5498 2
5499 3
5500 4
5501 5
5502 0
5503 1
5504 2
5505 3
5506 4
5507 5
5508 0
5509 1
5510 2
5511 3
5512 4
5513 5
5514 0
5515 1
5516 2
5517 3
5518 4
5519 5
5520 0
5521 1
5522 2
5523 3
5524 4
5525 5
5526 0
5527 1
5528 2
5529 3
5530 4
5531 5
5532 0
5533 1
5534 2
5535 3
5536 4
5537 5
5538 0
5539 1
5540 2
5541 3
5542 4
5543 5
5544 0
5545 1
5546 2
5547 3
5548 4
5549 5
5550 0
5551 1
5552 2
5553 3
5554 4
5555 5
5556 0
5557 1
5558 2
5559 3
5560 4
5561 5
5562 0
5563 1
5564 2
5565 3
5566 4
5567 5
5568 0
5569 1
5570 2
5571 3
5572 4
5573 5
5574 0
5575 1
5576 2
5577 3
5578 4
5579 5
5580 0
5581 1
5582 2
5583 3
5584 4
5585 5
5586 0
5587 1
5588 2
5589 3
5590 4
5591 5
5592 0
5593 1
5594 2
5595 3
5596 4
5597 5
5598 0
5599 1
5600 2
5601 3
5602 4
5603 5
5604 0
5605 1
5606 2
5607 3
5608 4
5609 5
5610 0
5611 1
5612 2
5613 3
5614 4
5615 5
5616 0
5617 1
5618 2
5619 3
5620 4
5621 5
5622 0
5623 1
5624 2
5625 3
5626 4
5627 5
5628 0
5629 1
5630 2
5631 3
5632 4
5633 5
5634 0
5635 1
5636 2
5637 3
5638 4
5639 5
5640 0
5641 1
5642 2
5643 3
5644 4
5645 5
5646 0
5647 1
5648 2
5649 3
5650 4
5651 5
5652 0
5653 1
5654 2
5655 3
5656 4
5657 5
5658 0
5659 1
5660 2
5661 3
5662 4
5663 5
5664 0
5665 1
5666 2
5667 3
5668 4
5669 5
5670 0
5671 1
5672 2
5673 3
5674 4
5675 5
5676 0
5677 1
5678 2
5679 3
5680 4
5681 5
5682 0
5683 1
5684 2
5685 3
5686 4
5687 5
5688 0
5689 1
5690 2
5691 3
5692 4
5693 5
5694 0
5695 1
5696 2
5697 3
5698 4
5699 5
5700 0
5701 1
5702 2
5703 3
5704 4
5705 5
5706 0
5707 1
5708 2
5709 3
5710 4
5711 5
5712 0
5713 1
5714 2
5715 3
5716 4
5717 5
5718 0
5719 1
5720 2
5721 3
5722 4
5723 5
5724 0
5725 1
5726 2
5727 3
5728 4
5729 5
5730 0
5731 1
5732 2
5733 3
5734 4
5735 5
5736 0
5737 1
5738 2
5739 3
5740 4
5741 5
5742 0
5743 1
5744 2
5745 3
5746 4
5747 5
5748 0
5749 1
5750 2
5751 3
5752 4
5753 5
5754 0
5755 1
5756 2
5757 3
5758 4
5759 5
5760 0
5761 1
5762 2
5763 3
5764 4
5765 5
5766 0
5767 1
5768 2
5769 3
5770 4
5771 5
5772 0
5773 1
5774 2
5775 3
5776 4
5777 5
5778 0
5779 1
5780 2
5781 3
5782 4
5783 5
5784 0
5785 1
5786 2
5787 3
5788 4
5789 5
5790 0
5791 1
5792 2
5793 3
5794 4
5795 5
5796 0
5797 1
5798 2
5799 3
5800 4
5801 5
5802 0
5803 1
5804 2
5805 3
5806 4
5807 5
5808 0
5809 1
5810 2
5811 3
5812 4
5813 5
5814 0
5815 1
5816 2
5817 3
5818 4
5819 5
5820 0
5821 1
5822 2
5823 3
5824 4
5825 5
5826 0
5827 1
5828 2
5829 3
5830 4
5831 5
5832 0
5833 1
5834 2
5835 3
5836 4
5837 5
5838 0
5839 1
5840 2
5841 3
5842 4
5843 5
5844 0
5845 1
5846 2
5847 3
5848 4
5849 5
5850 0
5851 1
5852 2
5853 3
5854 4
5855 5
5856 0
5857 1
5858 2
5859 3
5860 4
5861 5
5862 0
5863 1
5864 2
5865 3
5866 4
5867 5
5868 0
5869 1
5870 2
5871 3
5872 4
5873 5
5874 0
5875 1
5876 2
5877 3
5878 4
5879 5
5880 0
5881 1
5882 2
5883 3
5884 4
5885 5
5886 0
5887 1
5888 2
5889 3
5890 4
5891 5
5892 0
5893 1
5894 2
5895 3
5896 4
5897 5
5898 0
5899 1
5900 2
5901 3
5902 4
5903 5
5904 0
5905 1
5906 2
5907 3
5908 4
5909 5
5910 0
5911 1
5912 2
5913 3
5914 4
5915 5
5916 0
5917 1
5918 2
5919 3
5920 4
5921 5
5922 0
5923 1
5924 2
5925 3
5926 4
5927 5
5928 0
5929 1
5930 2
5931 3
5932 4
5933 5
5934 0
5935 1
5936 2
5937 3
5938 4
5939 5
5940 0
5941 1
5942 2
5943 3
5944 4
5945 5
5946 0
5947 1
5948 2
5949 3
5950 4
5951 5
5952 0
5953 1
5954 2
5955 3
5956 4
5957 5
5958 0
5959 1
5960 2
5961 3
5962 4
5963 5
5964 0
5965 1
5966 2
5967 3
5968 4
5969 5
5970 0
5971 1
5972 2
5973 3
5974 4
5975 5
5976 0
5977 1
5978 2
5979 3
5980 4
5981 5
5982 0
5983 1
5984 2
5985 3
5986 4
5987 5
5988 0
5989 1
5990 2
5991 3
5992 4
5993 5
5994 0
5995 1
5996 2
5997 3
5998 4
5999 5
6000 0
6001 1
6002 2
6003 3
6004 4
6005 5
6006 0
6007 1
6008 2
6009 3
6010 4
6011 5
6012 0
6013 1
6014 2
6015 3
6016 4
6017 5
6018 0
6019 1
6020 2
6021 3
6022 4
6023 5
6024 0
6025 1
6026 2
6027 3
6028 4
6029 5
6030 0
6031 1
6032 2
6033 3
6034 4
6035 5
6036 0
6037 1
6038 2
6039 3
6040 4
6041 5
6042 0
6043 1
6044 2
6045 3
6046 4
6047 5
6048 0
6049 1
6050 2
6051 3
6052 4
6053 5
6054 0
6055 1
6056 2
6057 3
6058 4
6059 5
6060 0
6061 1
6062 2
6063 3
6064 4
6065 5
6066 0
6067 1
6068 2
6069 3
6070 4
6071 5
6072 0
6073 1
6074 2
6075 3
6076 4
6077 5
6078 0
6079 1
6080 2
6081 3
6082 4
6083 5
6084 0
6085 1
6086 2
6087 3
6088 4
6089 5
6090 0
6091 1
6092 2
6093 3
6094 4
6095 5
6096 0
6097 1
6098 2
6099 3
6100 4
6101 5
6102 0
6103 1
6104 2
6105 3
6106 4
6107 5
6108 0
6109 1
6110 2
6111 3
6112 4
6113 5
6114 0
6115 1
6116 2
6117 3
6118 4
6119 5
6120 0
6121 1
6122 2
6123 3
6124 4
6125 5
6126 0
6127 1
6128 2
6129 3
6130 4
6131 5
6132 0
6133 1
6134 2
6135 3
6136 4
6137 5
6138 0
6139 1
6140 2
6141 3
6142 4
6143 5
6144 0
6145 1
6146 2
6147 3
6148 4
6149 5
6150 0
6151 1
6152 2
6153 3
6154 4
6155 5
6156 0
6157 1
6158 2
6159 3
6160 4
6161 5
6162 0
6163 1
6164 2
6165 3
6166 4
6167 5
6168 0
6169 1
6170 2
6171 3
6172 4
6173 5
6174 0
6175 1
6176 2
6177 3
6178 4
6179 5
6180 0
6181 1
6182 2
6183 3
6184 4
6185 5
6186 0
6187 1
6188 2
6189 3
6190 4
6191 5
6192 0
6193 1
6194 2
6195 3
6196 4
6197 5
6198 0
6199 1
6200 2
6201 3
6202 4
6203 5
6204 0
6205 1
6206 2
6207 3
6208 4
6209 5
6210 0
6211 1
6212 2
6213 3
6214 4
6215 5
6216 0
6217 1
6218 2
6219 3
6220 4
6221 5
6222 0
6223 1
6224 2
6225 3
6226 4
6227 5
6228 0
6229 1
6230 2
6231 3
6232 4
6233 5
6234 0
6235 1
6236 2
6237 3
6238 4
6239 5
6240 0
6241 1
6242 2
6243 3
6244 4
6245 5
6246 0
6247 1
6248 2
6249 3
6250 4
6251 5
6252 0
6253 1
6254 2
6255 3
6256 4
6257 5
6258 0
6259 1
6260 2
6261 3
6262 4
6263 5
6264 0
6265 1
6266 2
6267 3
6268 4
6269 5
6270 0
6271 1
6272 2
6273 3
6274 4
6275 5
6276 0
6277 1
6278 2
6279 3
6280 4
6281 5
6282 0
6283 1
6284 2
6285 3
6286 4
6287 5
6288 0
6289 1
6290 2
6291 3
6292 4
6293 5
6294 0
6295 1
6296 2
6297 3
6298 4
6299 5
6300 0
6301 1
6302 2
6303 3
6304 4
6305 5
6306 0
6307 1
6308 2
6309 3
6310 4
6311 5
6312 0
6313 1
6314 2
6315 3
6316 4
6317 5
6318 0
6319 1
6320 2
6321 3
6322 4
6323 5
6324 0
6325 1
6326 2
6327 3
6328 4
6329 5
6330 0
6331 1
6332 2
6333 3
6334 4
6335 5
6336 0
6337 1
6338 2
6339 3
6340 4
6341 5
6342 0
6343 1
6344 2
6345 3
6346 4
6347 5
6348 0
6349 1
6350 2
6351 3
6352 4
6353 5
6354 0
6355 1
6356 2
6357 3
6358 4
6359 5
6360 0
6361 1
6362 2
6363 3
6364 4
6365 5
6366 0
6367 1
6368 2
6369 3
6370 4
6371 5
6372 0
6373 1
6374 2
6375 3
6376 4
6377 5
6378 0
6379 1
6380 2
6381 3
6382 4
6383 5
6384 0
6385 1
6386 2
6387 3
6388 4
6389 5
6390 0
6391 1
6392 2
6393 3
6394 4
6395 5
6396 0
6397 1
6398 2
6399 3
6400 4
6401 5
6402 0
6403 1
6404 2
6405 3
6406 4
6407 5
6408 0
6409 1
6410 2
6411 3
6412 4
6413 5
6414 0
6415 1
6416 2
6417 3
6418 4
6419 5
6420 0
6421 1
6422 2
6423 3
6424 4
6425 5
6426 0
6427 1
6428 2
6429 3
6430 4
6431 5
6432 0
6433 1
6434 2
6435 3
6436 4
6437 5
6438 0
6439 1
6440 2
6441 3
6442 4
6443 5
6444 0
6445 1
6446 2
6447 3
6448 4
6449 5
6450 0
6451 1
6452 2
6453 3
6454 4
6455 5
6456 0
6457 1
6458 2
6459 3
6460 4
6461 5
6462 0
6463 1
6464 2
6465 3
6466 4
6467 5
6468 0
6469 1
6470 2
6471 3
6472 4
6473 5
6474 0
6475 1
6476 2
6477 3
6478 4
6479 5
6480 0
6481 1
6482 2
6483 3
6484 4
6485 5
6486 0
6487 1
6488 2
6489 3
6490 4
6491 5
6492 0
6493 1
6494 2
6495 3
6496 4
6497 5
6498 0
6499 1
6500 2
6501 3
6502 4
6503 5
6504 0
6505 1
6506 2
6507 3
6508 4
6509 5
6510 0
6511 1
6512 2
6513 3
6514 4
6515 5
6516 0
6517 1
6518 2
6519 3
6520 4
6521 5
6522 0
6523 1
6524 2
6525 3
6526 4
6527 5
6528 0
6529 1
6530 2
6531 3
6532 4
6533 5
6534 0
6535 1
6536 2
6537 3
6538 4
6539 5
6540 0
6541 1
6542 2
6543 3
6544 4
6545 5
6546 0
6547 1
6548 2
6549 3
6550 4
6551 5
6552 0
6553 1
6554 2
6555 3
6556 4
6557 5
6558 0
6559 1
6560 2
6561 3
6562 4
6563 5
6564 0
6565 1
6566 2
6567 3
6568 4
6569 5
6570 0
6571 1
6572 2
6573 3
6574 4
6575 5
6576 0
6577 1
6578 2
6579 3
6580 4
6581 5
6582 0
6583 1
6584 2
6585 3
6586 4
6587 5
6588 0
6589 1
6590 2
6591 3
6592 4
6593 5
6594 0
6595 1
6596 2
6597 3
6598 4
6599 5
6600 0
6601 1
6602 2
6603 3
6604 4
6605 5
6606 0
6607 1
6608 2
6609 3
6610 4
6611 5
6612 0
6613 1
6614 2
6615 3
6616 4
6617 5
6618 0
6619 1
6620 2
6621 3
6622 4
6623 5
6624 0
6625 1
6626 2
6627 3
6628 4
6629 5
6630 0
6631 1
6632 2
6633 3
6634 4
6635 5
6636 0
6637 1
6638 2
6639 3
6640 4
6641 5
6642 0
6643 1
6644 2
6645 3
6646 4
6647 5
6648 0
6649 1
6650 2
6651 3
6652 4
6653 5
6654 0
6655 1
6656 2
6657 3
6658 4
6659 5
6660 0
6661 1
6662 2
6663 3
6664 4
6665 5
6666 0
6667 1
6668 2
6669 3
6670 4
6671 5
6672 0
6673 1
6674 2
6675 3
6676 4
6677 5
6678 0
6679 1
6680 2
6681 3
6682 4
6683 5
6684 0
6685 1
6686 2
6687 3
6688 4
6689 5
6690 0
6691 1
6692 2
6693 3
6694 4
6695 5
6696 0
6697 1
6698 2
6699 3
6700 4
6701 5
6702 0
6703 1
6704 2
6705 3
6706 4
6707 5
6708 0
6709 1
6710 2
6711 3
6712 4
6713 5
6714 0
6715 1
6716 2
6717 3
6718 4
6719 5
6720 0
6721 1
6722 2
6723 3
6724 4
6725 5
6726 0
6727 1
6728 2
6729 3
6730 4
6731 5
6732 0
6733 1
6734 2
6735 3
6736 4
6737 5
6738 0
6739 1
6740 2
6741 3
6742 4
6743 5
6744 0
6745 1
6746 2
6747 3
6748 4
6749 5
6750 0
6751 1
6752 2
6753 3
6754 4
6755 5
6756 0
6757 1
6758 2
6759 3
6760 4
6761 5
6762 0
6763 1
6764 2
6765 3
6766 4
6767 5
6768 0
6769 1
6770 2
6771 3
6772 4
6773 5
6774 0
6775 1
6776 2
6777 3
6778 4
6779 5
6780 0
6781 1
6782 2
6783 3
6784 4
6785 5
6786 0
6787 1
6788 2
6789 3
6790 4
6791 5
6792 0
6793 1
6794 2
6795 3
6796 4
6797 5
6798 0
6799 1
6800 2
6801 3
6802 4
6803 5
6804 0
6805 1
6806 2
6807 3
6808 4
6809 5
6810 0
6811 1
6812 2
6813 3
6814 4
6815 5
6816 0
6817 1
6818 2
6819 3
6820 4
6821 5
6822 0
6823 1
6824 2
6825 3
6826 4
6827 5
6828 0
6829 1
6830 2
6831 3
6832 4
6833 5
6834 0
6835 1
6836 2
6837 3
6838 4
6839 5
6840 0
6841 1
6842 2
6843 3
6844 4
6845 5
6846 0
6847 1
6848 2
6849 3
6850 4
6851 5
6852 0
6853 1
6854 2
6855 3
6856 4
6857 5
6858 0
6859 1
6860 2
6861 3
6862 4
6863 5
6864 0
6865 1
6866 2
6867 3
6868 4
6869 5
6870 0
6871 1
6872 2
6873 3
6874 4
6875 5
6876 0
6877 1
6878 2
6879 3
6880 4
6881 5
6882 0
6883 1
6884 2
6885 3
6886 4
6887 5
6888 0
6889 1
6890 2
6891 3
6892 4
6893 5
6894 0
6895 1
6896 2
6897 3
6898 4
6899 5
6900 0
6901 1
6902 2
6903 3
6904 4
6905 5
6906 0
6907 1
6908 2
6909 3
6910 4
6911 5
6912 0
6913 1
6914 2
6915 3
6916 4
6917 5
6918 0
6919 1
6920 2
6921 3
6922 4
6923 5
6924 0
6925 1
6926 2
6927 3
6928 4
6929 5
6930 0
6931 1
6932 2
6933 3
6934 4
6935 5
6936 0
6937 1
6938 2
6939 3
6940 4
6941 5
6942 0
6943 1
6944 2
6945 3
6946 4
6947 5
6948 0
6949 1
6950 2
6951 3
6952 4
6953 5
6954 0
6955 1
6956 2
6957 3
6958 4
6959 5
6960 0
6961 1
6962 2
6963 3
6964 4
6965 5
6966 0
6967 1
6968 2
6969 3
6970 4
6971 5
6972 0
6973 1
6974 2
6975 3
6976 4
6977 5
6978 0
6979 1
6980 2
6981 3
6982 4
6983 5
6984 0
6985 1
6986 2
6987 3
6988 4
6989 5
6990 0
6991 1
6992 2
6993 3
6994 4
6995 5
6996 0
6997 1
6998 2
6999 3
7000 4
7001 5
7002 0
7003 1
7004 2
7005 3
7006 4
7007 5
7008 0
7009 1
7010 2
7011 3
7012 4
7013 5
7014 0
7015 1
7016 2
7017 3
7018 4
7019 5
7020 0
7021 1
7022 2
7023 3
7024 4
7025 5
7026 0
7027 1
7028 2
7029 3
7030 4
7031 5
7032 0
7033 1
7034 2
7035 3
7036 4
7037 5
7038 0
7039 1
7040 2
7041 3
7042 4
7043 5
7044 0
7045 1
7046 2
7047 3
7048 4
7049 5
7050 0
7051 1
7052 2
7053 3
7054 4
7055 5
7056 0
7057 1
7058 2
7059 3
7060 4
7061 5
7062 0
7063 1
7064 2
7065 3
7066 4
7067 5
7068 0
7069 1
7070 2
7071 3
7072 4
7073 5
7074 0
7075 1
7076 2
7077 3
7078 4
7079 5
7080 0
7081 1
7082 2
7083 3
7084 4
7085 5
7086 0
7087 1
7088 2
7089 3
7090 4
7091 5
7092 0
7093 1
7094 2
7095 3
7096 4
7097 5
7098 0
7099 1
7100 2
7101 3
7102 4
7103 5
7104 0
7105 1
7106 2
7107 3
7108 4
7109 5
7110 0
7111 1
7112 2
7113 3
7114 4
7115 5
7116 0
7117 1
7118 2
7119 3
7120 4
7121 5
7122 0
7123 1
7124 2
7125 3
7126 4
7127 5
7128 0
7129 1
7130 2
7131 3
7132 4
7133 5
7134 0
7135 1
7136 2
7137 3
7138 4
7139 5
7140 0
7141 1
7142 2
7143 3
7144 4
7145 5
7146 0
7147 1
7148 2
7149 3
7150 4
7151 5
7152 0
7153 1
7154 2
7155 3
7156 4
7157 5
7158 0
7159 1
7160 2
7161 3
7162 4
7163 5
7164 0
7165 1
7166 2
7167 3
7168 4
7169 5
7170 0
7171 1
7172 2
7173 3
7174 4
7175 5
7176 0
7177 1
7178 2
7179 3
7180 4
7181 5
7182 0
7183 1
7184 2
7185 3
7186 4
7187 5
7188 0
7189 1
7190 2
7191 3
7192 4
7193 5
7194 0
7195 1
7196 2
7197 3
7198 4
7199 5
7200 0
7201 1
7202 2
7203 3
7204 4
7205 5
7206 0
7207 1
7208 2
7209 3
7210 4
7211 5
7212 0
7213 1
7214 2
7215 3
7216 4
7217 5
7218 0
7219 1
7220 2
7221 3
7222 4
7223 5
7224 0
7225 1
7226 2
7227 3
7228 4
7229 5
7230 0
7231 1
7232 2
7233 3
7234 4
7235 5
7236 0
7237 1
7238 2
7239 3
7240 4
7241 5
7242 0
7243 1
7244 2
7245 3
7246 4
7247 5
7248 0
7249 1
7250 2
7251 3
7252 4
7253 5
7254 0
7255 1
7256 2
7257 3
7258 4
7259 5
7260 0
7261 1
7262 2
7263 3
7264 4
7265 5
7266 0
7267 1
7268 2
7269 3
7270 4
7271 5
7272 0
7273 1
7274 2
7275 3
7276 4
7277 5
7278 0
7279 1
7280 2
7281 3
7282 4
7283 5
7284 0
7285 1
7286 2
7287 3
7288 4
7289 5
7290 0
7291 1
7292 2
7293 3
7294 4
7295 5
7296 0
7297 1
7298 2
7299 3
7300 4
7301 5
7302 0
7303 1
7304 2
7305 3
7306 4
7307 5
7308 0
7309 1
7310 2
7311 3
7312 4
7313 5
7314 0
7315 1
7316 2
7317 3
7318 4
7319 5
7320 0
7321 1
7322 2
7323 3
7324 4
7325 5
7326 0
7327 1
7328 2
7329 3
7330 4
7331 5
7332 0
7333 1
7334 2
7335 3
7336 4
7337 5
7338 0
7339 1
7340 2
7341 3
7342 4
7343 5
7344 0
7345 1
7346 2
7347 3
7348 4
7349 5
7350 0
7351 1
7352 2
7353 3
7354 4
7355 5
7356 0
7357 1
7358 2
7359 3
7360 4
7361 5
7362 0
7363 1
7364 2
7365 3
7366 4
7367 5
7368 0
7369 1
7370 2
7371 3
7372 4
7373 5
7374 0
7375 1
7376 2
7377 3
7378 4
7379 5
7380 0
7381 1
7382 2
7383 3
7384 4
7385 5
7386 0
7387 1
7388 2
7389 3
7390 4
7391 5
7392 0
7393 1
7394 2
7395 3
7396 4
7397 5
7398 0
7399 1
7400 2
7401 3
7402 4
7403 5
7404 0
7405 1
7406 2
7407 3
7408 4
7409 5
7410 0
7411 1
7412 2
7413 3
7414 4
7415 5
7416 0
7417 1
7418 2
7419 3
7420 4
7421 5
7422 0
7423 1
7424 2
7425 3
7426 4
7427 5
7428 0
7429 1
7430 2
7431 3
7432 4
7433 5
7434 0
7435 1
7436 2
7437 3
7438 4
7439 5
7440 0
7441 1
7442 2
7443 3
7444 4
7445 5
7446 0
7447 1
7448 2
7449 3
7450 4
7451 5
7452 0
7453 1
7454 2
7455 3
7456 4
7457 5
7458 0
7459 1
7460 2
7461 3
7462 4
7463 5
7464 0
7465 1
7466 2
7467 3
7468 4
7469 5
7470 0
7471 1
7472 2
7473 3
7474 4
7475 5
7476 0
7477 1
7478 2
7479 3
7480 4
7481 5
7482 0
7483 1
7484 2
7485 3
7486 4
7487 5
7488 0
7489 1
7490 2
7491 3
7492 4
7493 5
7494 0
7495 1
7496 2
7497 3
7498 4
7499 5
7500 0
7501 1
7502 2
7503 3
7504 4
7505 5
7506 0
7507 1
7508 2
7509 3
7510 4
7511 5
7512 0
7513 1
7514 2
7515 3
7516 4
7517 5
7518 0
7519 1
7520 2
7521 3
7522 4
7523 5
7524 0
7525 1
7526 2
7527 3
7528 4
7529 5
7530 0
7531 1
7532 2
7533 3
7534 4
7535 5
7536 0
7537 1
7538 2
7539 3
7540 4
7541 5
7542 0
7543 1
7544 2
7545 3
7546 4
7547 5
7548 0
7549 1
7550 2
7551 3
7552 4
7553 5
7554 0
7555 1
7556 2
7557 3
7558 4
7559 5
7560 0
7561 1
7562 2
7563 3
7564 4
7565 5
7566 0
7567 1
7568 2
7569 3
7570 4
7571 5
7572 0
7573 1
7574 2
7575 3
7576 4
7577 5
7578 0
7579 1
7580 2
7581 3
7582 4
7583 5
7584 0
7585 1
7586 2
7587 3
7588 4
7589 5
7590 0
7591 1
7592 2
7593 3
7594 4
7595 5
7596 0
7597 1
7598 2
7599 3
7600 4
7601 5
7602 0
7603 1
7604 2
7605 3
7606 4
7607 5
7608 0
7609 1
7610 2
7611 3
7612 4
7613 5
7614 0
7615 1
7616 2
7617 3
7618 4
7619 5
7620 0
7621 1
7622 2
7623 3
7624 4
7625 5
7626 0
7627 1
7628 2
7629 3
7630 4
7631 5
7632 0
7633 1
7634 2
7635 3
7636 4
7637 5
7638 0
7639 1
7640 2
7641 3
7642 4
7643 5
7644 0
7645 1
7646 2
7647 3
7648 4
7649 5
7650 0
7651 1
7652 2
7653 3
7654 4
7655 5
7656 0
7657 1
7658 2
7659 3
7660 4
7661 5
7662 0
7663 1
7664 2
7665 3
7666 4
7667 5
7668 0
7669 1
7670 2
7671 3
7672 4
7673 5
7674 0
7675 1
7676 2
7677 3
7678 4
7679 5
7680 0
7681 1
7682 2
7683 3
7684 4
7685 5
7686 0
7687 1
7688 2
7689 3
7690 4
7691 5
7692 0
7693 1
7694 2
7695 3
7696 4
7697 5
7698 0
7699 1
7700 2
7701 3
7702 4
7703 5
7704 0
7705 1
7706 2
7707 3
7708 4
7709 5
7710 0
7711 1
7712 2
7713 3
7714 4
7715 5
7716 0
7717 1
7718 2
7719 3
7720 4
7721 5
7722 0
7723 1
7724 2
7725 3
7726 4
7727 5
7728 0
7729 1
7730 2
7731 3
7732 4
7733 5
7734 0
7735 1
7736 2
7737 3
7738 4
7739 5
7740 0
7741 1
7742 2
7743 3
7744 4
7745 5
7746 0
7747 1
7748 2
7749 3
7750 4
7751 5
7752 0
7753 1
7754 2
7755 3
7756 4
7757 5
7758 0
7759 1
7760 2
7761 3
7762 4
7763 5
7764 0
7765 1
7766 2
7767 3
7768 4
7769 5
7770 0
7771 1
7772 2
7773 3
7774 4
7775 5
7776 0
7777 1
7778 2
7779 3
7780 4
7781 5
7782 0
7783 1
7784 2
7785 3
7786 4
7787 5
7788 0
7789 1
7790 2
7791 3
7792 4
7793 5
7794 0
7795 1
7796 2
7797 3
7798 4
7799 5
7800 0
7801 1
7802 2
7803 3
7804 4
7805 5
7806 0
7807 1
7808 2
7809 3
7810 4
7811 5
7812 0
7813 1
7814 2
7815 3
7816 4
7817 5
7818 0
7819 1
7820 2
7821 3
7822 4
7823 5
7824 0
7825 1
7826 2
7827 3
7828 4
7829 5
7830 0
7831 1
7832 2
7833 3
7834 4
7835 5
7836 0
7837 1
7838 2
7839 3
7840 4
7841 5
7842 0
7843 1
7844 2
7845 3
7846 4
7847 5
7848 0
7849 1
7850 2
7851 3
7852 4
7853 5
7854 0
7855 1
7856 2
7857 3
7858 4
7859 5
7860 0
7861 1
7862 2
7863 3
7864 4
7865 5
7866 0
7867 1
7868 2
7869 3
7870 4
7871 5
7872 0
7873 1
7874 2
7875 3
7876 4
7877 5
7878 0
7879 1
7880 2
7881 3
7882 4
7883 5
7884 0
7885 1
7886 2
7887 3
7888 4
7889 5
7890 0
7891 1
7892 2
7893 3
7894 4
7895 5
7896 0
7897 1
7898 2
7899 3
7900 4
7901 5
7902 0
7903 1
7904 2
7905 3
7906 4
7907 5
7908 0
7909 1
7910 2
7911 3
7912 4
7913 5
7914 0
7915 1
7916 2
7917 3
7918 4
7919 5
7920 0
7921 1
7922 2
7923 3
7924 4
7925 5
7926 0
7927 1
7928 2
7929 3
7930 4
7931 5
7932 0
7933 1
7934 2
7935 3
7936 4
7937 5
7938 0
7939 1
7940 2
7941 3
7942 4
7943 5
7944 0
7945 1
7946 2
7947 3
7948 4
7949 5
7950 0
7951 1
7952 2
7953 3
7954 4
7955 5
7956 0
7957 1
7958 2
7959 3
7960 4
7961 5
7962 0
7963 1
7964 2
7965 3
7966 4
7967 5
7968 0
7969 1
7970 2
7971 3
7972 4
7973 5
7974 0
7975 1
7976 2
7977 3
7978 4
7979 5
7980 0
7981 1
7982 2
7983 3
7984 4
7985 5
7986 0
7987 1
7988 2
7989 3
7990 4
7991 5
7992 0
7993 1
7994 2
7995 3
7996 4
7997 5
7998 0
7999 1
8000 2
8001 3
8002 4
8003 5
8004 0
8005 1
8006 2
8007 3
8008 4
8009 5
8010 0
8011 1
8012 2
8013 3
8014 4
8015 5
8016 0
8017 1
8018 2
8019 3
8020 4
8021 5
8022 0
8023 1
8024 2
8025 3
8026 4
8027 5
8028 0
8029 1
8030 2
8031 3
8032 4
8033 5
8034 0
8035 1
8036 2
8037 3
8038 4
8039 5
8040 0
8041 1
8042 2
8043 3
8044 4
8045 5
8046 0
8047 1
8048 2
8049 3
8050 4
8051 5
8052 0
8053 1
8054 2
8055 3
8056 4
8057 5
8058 0
8059 1
8060 2
8061 3
8062 4
8063 5
8064 0
8065 1
8066 2
8067 3
8068 4
8069 5
8070 0
8071 1
8072 2
8073 3
8074 4
8075 5
8076 0
8077 1
8078 2
8079 3
8080 4
8081 5
8082 0
8083 1
8084 2
8085 3
8086 4
8087 5
8088 0
8089 1
8090 2
8091 3
8092 4
8093 5
8094 0
8095 1
8096 2
8097 3
8098 4
8099 5
8100 0
8101 1
8102 2
8103 3
8104 4
8105 5
8106 0
8107 1
8108 2
8109 3
8110 4
8111 5
8112 0
8113 1
8114 2
8115 3
8116 4
8117 5
8118 0
8119 1
8120 2
8121 3
8122 4
8123 5
8124 0
8125 1
8126 2
8127 3
8128 4
8129 5
8130 0
8131 1
8132 2
8133 3
8134 4
8135 5
8136 0
8137 1
8138 2
8139 3
8140 4
8141 5
8142 0
8143 1
8144 2
8145 3
8146 4
8147 5
8148 0
8149 1
8150 2
8151 3
8152 4
8153 5
8154 0
8155 1
8156 2
8157 3
8158 4
8159 5
8160 0
8161 1
8162 2
8163 3
8164 4
8165 5
8166 0
8167 1
8168 2
8169 3
8170 4
8171 5
8172 0
8173 1
8174 2
8175 3
8176 4
8177 5
8178 0
8179 1
8180 2
8181 3
8182 4
8183 5
8184 0
8185 1
8186 2
8187 3
8188 4
8189 5
8190 0
8191 1
8192 2
8193 3
8194 4
8195 5
8196 0
8197 1
8198 2
8199 3
8200 4
8201 5
8202 0
8203 1
8204 2
8205 3
8206 4
8207 5
8208 0
8209 1
8210 2
8211 3
8212 4
8213 5
8214 0
8215 1
8216 2
8217 3
8218 4
8219 5
8220 0
8221 1
8222 2
8223 3
8224 4
8225 5
8226 0
8227 1
8228 2
8229 3
8230 4
8231 5
8232 0
8233 1
8234 2
8235 3
8236 4
8237 5
8238 0
8239 1
8240 2
8241 3
8242 4
8243 5
8244 0
8245 1
8246 2
8247 3
8248 4
8249 5
8250 0
8251 1
8252 2
8253 3
8254 4
8255 5
8256 0
8257 1
8258 2
8259 3
8260 4
8261 5
8262 0
8263 1
8264 2
8265 3
8266 4
8267 5
8268 0
8269 1
8270 2
8271 3
8272 4
8273 5
8274 0
8275 1
8276 2
8277 3
8278 4
8279 5
8280 0
8281 1
8282 2
8283 3
8284 4
8285 5
8286 0
8287 1
8288 2
8289 3
8290 4
8291 5
8292 0
8293 1
8294 2
8295 3
8296 4
8297 5
8298 0
8299 1
8300 2
8301 3
8302 4
8303 5
8304 0
8305 1
8306 2
8307 3
8308 4
8309 5
8310 0
8311 1
8312 2
8313 3
8314 4
8315 5
8316 0
8317 1
8318 2
8319 3
8320 4
8321 5
8322 0
8323 1
8324 2
8325 3
8326 4
8327 5
8328 0
8329 1
8330 2
8331 3
8332 4
8333 5
8334 0
8335 1
8336 2
8337 3
8338 4
8339 5
8340 0
8341 1
8342 2
8343 3
8344 4
8345 5
8346 0
8347 1
8348 2
8349 3
8350 4
8351 5
8352 0
8353 1
8354 2
8355 3
8356 4
8357 5
8358 0
8359 1
8360 2
8361 3
8362 4
8363 5
8364 0
8365 1
8366 2
8367 3
8368 4
8369 5
8370 0
8371 1
8372 2
8373 3
8374 4
8375 5
8376 0
8377 1
8378 2
8379 3
8380 4
8381 5
8382 0
8383 1
8384 2
8385 3
8386 4
8387 5
8388 0
8389 1
8390 2
8391 3
8392 4
8393 5
8394 0
8395 1
8396 2
8397 3
8398 4
8399 5
8400 0
8401 1
8402 2
8403 3
8404 4
8405 5
8406 0
8407 1
8408 2
8409 3
8410 4
8411 5
8412 0
8413 1
8414 2
8415 3
8416 4
8417 5
8418 0
8419 1
8420 2
8421 3
8422 4
8423 5
8424 0
8425 1
8426 2
8427 3
8428 4
8429 5
8430 0
8431 1
8432 2
8433 3
8434 4
8435 5
8436 0
8437 1
8438 2
8439 3
8440 4
8441 5
8442 0
8443 1
8444 2
8445 3
8446 4
8447 5
8448 0
8449 1
8450 2
8451 3
8452 4
8453 5
8454 0
8455 1
8456 2
8457 3
8458 4
8459 5
8460 0
8461 1
8462 2
8463 3
8464 4
8465 5
8466 0
8467 1
8468 2
8469 3
8470 4
8471 5
8472 0
8473 1
8474 2
8475 3
8476 4
8477 5
8478 0
8479 1
8480 2
8481 3
8482 4
8483 5
8484 0
8485 1
8486 2
8487 3
8488 4
8489 5
8490 0
8491 1
8492 2
8493 3
8494 4
8495 5
8496 0
8497 1
8498 2
8499 3
8500 4
8501 5
8502 0
8503 1
8504 2
8505 3
8506 4
8507 5
8508 0
8509 1
8510 2
8511 3
8512 4
8513 5
8514 0
8515 1
8516 2
8517 3
8518 4
8519 5
8520 0
8521 1
8522 2
8523 3
8524 4
8525 5
8526 0
8527 1
8528 2
8529 3
8530 4
8531 5
8532 0
8533 1
8534 2
8535 3
8536 4
8537 5
8538 0
8539 1
8540 2
8541 3
8542 4
8543 5
8544 0
8545 1
8546 2
8547 3
8548 4
8549 5
8550 0
8551 1
8552 2
8553 3
8554 4
8555 5
8556 0
8557 1
8558 2
8559 3
8560 4
8561 5
8562 0
8563 1
8564 2
8565 3
8566 4
8567 5
8568 0
8569 1
8570 2
8571 3
8572 4
8573 5
8574 0
8575 1
8576 2
8577 3
8578 4
8579 5
8580 0
8581 1
8582 2
8583 3
8584 4
8585 5
8586 0
8587 1
8588 2
8589 3
8590 4
8591 5
8592 0
8593 1
8594 2
8595 3
8596 4
8597 5
8598 0
8599 1
8600 2
8601 3
8602 4
8603 5
8604 0
8605 1
8606 2
8607 3
8608 4
8609 5
8610 0
8611 1
8612 2
8613 3
8614 4
8615 5
8616 0
8617 1
8618 2
8619 3
8620 4
8621 5
8622 0
8623 1
8624 2
8625 3
8626 4
8627 5
8628 0
8629 1
8630 2
8631 3
8632 4
8633 5
8634 0
8635 1
8636 2
8637 3
8638 4
8639 5
8640 0
8641 1
8642 2
8643 3
8644 4
8645 5
8646 0
8647 1
8648 2
8649 3
8650 4
8651 5
8652 0
8653 1
8654 2
8655 3
8656 4
8657 5
8658 0
8659 1
8660 2
8661 3
8662 4
8663 5
8664 0
8665 1
8666 2
8667 3
8668 4
8669 5
8670 0
8671 1
8672 2
8673 3
8674 4
8675 5
8676 0
8677 1
8678 2
8679 3
8680 4
8681 5
8682 0
8683 1
8684 2
8685 3
8686 4
8687 5
8688 0
8689 1
8690 2
8691 3
8692 4
8693 5
8694 0
8695 1
8696 2
8697 3
8698 4
8699 5
8700 0
8701 1
8702 2
8703 3
8704 4
8705 5
8706 0
8707 1
8708 2
8709 3
8710 4
8711 5
8712 0
8713 1
8714 2
8715 3
8716 4
8717 5
8718 0
8719 1
8720 2
8721 3
8722 4
8723 5
8724 0
8725 1
8726 2
8727 3
8728 4
8729 5
8730 0
8731 1
8732 2
8733 3
8734 4
8735 5
8736 0
8737 1
8738 2
8739 3
8740 4
8741 5
8742 0
8743 1
8744 2
8745 3
8746 4
8747 5
8748 0
8749 1
8750 2
8751 3
8752 4
8753 5
8754 0
8755 1
8756 2
8757 3
8758 4
8759 5
8760 0
8761 1
8762 2
8763 3
8764 4
8765 5
8766 0
8767 1
8768 2
8769 3
8770 4
8771 5
8772 0
8773 1
8774 2
8775 3
8776 4
8777 5
8778 0
8779 1
8780 2
8781 3
8782 4
8783 5
8784 0
8785 1
8786 2
8787 3
8788 4
8789 5
8790 0
8791 1
8792 2
8793 3
8794 4
8795 5
8796 0
8797 1
8798 2
8799 3
8800 4
8801 5
8802 0
8803 1
8804 2
8805 3
8806 4
8807 5
8808 0
8809 1
8810 2
8811 3
8812 4
8813 5
8814 0
8815 1
8816 2
8817 3
8818 4
8819 5
8820 0
8821 1
8822 2
8823 3
8824 4
8825 5
8826 0
8827 1
8828 2
8829 3
8830 4
8831 5
8832 0
8833 1
8834 2
8835 3
8836 4
8837 5
8838 0
8839 1
8840 2
8841 3
8842 4
8843 5
8844 0
8845 1
8846 2
8847 3
8848 4
8849 5
8850 0
8851 1
8852 2
8853 3
8854 4
8855 5
8856 0
8857 1
8858 2
8859 3
8860 4
8861 5
8862 0
8863 1
8864 2
8865 3
8866 4
8867 5
8868 0
8869 1
8870 2
8871 3
8872 4
8873 5
8874 0
8875 1
8876 2
8877 3
8878 4
8879 5
8880 0
8881 1
8882 2
8883 3
8884 4
8885 5
8886 0
8887 1
8888 2
8889 3
8890 4
8891 5
8892 0
8893 1
8894 2
8895 3
8896 4
8897 5
8898 0
8899 1
8900 2
8901 3
8902 4
8903 5
8904 0
8905 1
8906 2
8907 3
8908 4
8909 5
8910 0
8911 1
8912 2
8913 3
8914 4
8915 5
8916 0
8917 1
8918 2
8919 3
8920 4
8921 5
8922 0
8923 1
8924 2
8925 3
8926 4
8927 5
8928 0
8929 1
8930 2
8931 3
8932 4
8933 5
8934 0
8935 1
8936 2
8937 3
8938 4
8939 5
8940 0
8941 1
8942 2
8943 3
8944 4
8945 5
8946 0
8947 1
8948 2
8949 3
8950 4
8951 5
8952 0
8953 1
8954 2
8955 3
8956 4
8957 5
8958 0
8959 1
8960 2
8961 3
8962 4
8963 5
8964 0
8965 1
8966 2
8967 3
8968 4
8969 5
8970 0
8971 1
8972 2
8973 3
8974 4
8975 5
8976 0
8977 1
8978 2
8979 3
8980 4
8981 5
8982 0
8983 1
8984 2
8985 3
8986 4
8987 5
8988 0
8989 1
8990 2
8991 3
8992 4
8993 5
8994 0
8995 1
8996 2
8997 3
8998 4
8999 5
9000 0
9001 1
9002 2
9003 3
9004 4
9005 5
9006 0
9007 1
9008 2
9009 3
9010 4
9011 5
9012 0
9013 1
9014 2
9015 3
9016 4
9017 5
9018 0
9019 1
9020 2
9021 3
9022 4
9023 5
9024 0
9025 1
9026 2
9027 3
9028 4
9029 5
9030 0
9031 1
9032 2
9033 3
9034 4
9035 5
9036 0
9037 1
9038 2
9039 3
9040 4
9041 5
9042 0
9043 1
9044 2
9045 3
9046 4
9047 5
9048 0
9049 1
9050 2
9051 3
9052 4
9053 5
9054 0
9055 1
9056 2
9057 3
9058 4
9059 5
9060 0
9061 1
9062 2
9063 3
9064 4
9065 5
9066 0
9067 1
9068 2
9069 3
9070 4
9071 5
9072 0
9073 1
9074 2
9075 3
9076 4
9077 5
9078 0
9079 1
9080 2
9081 3
9082 4
9083 5
9084 0
9085 1
9086 2
9087 3
9088 4
9089 5
9090 0
9091 1
9092 2
9093 3
9094 4
9095 5
9096 0
9097 1
9098 2
9099 3
9100 4
9101 5
9102 0
9103 1
9104 2
9105 3
9106 4
9107 5
9108 0
9109 1
9110 2
9111 3
9112 4
9113 5
9114 0
9115 1
9116 2
9117 3
9118 4
9119 5
9120 0
9121 1
9122 2
9123 3
9124 4
9125 5
9126 0
9127 1
9128 2
9129 3
9130 4
9131 5
9132 0
9133 1
9134 2
9135 3
9136 4
9137 5
9138 0
9139 1
9140 2
9141 3
9142 4
9143 5
9144 0
9145 1
9146 2
9147 3
9148 4
9149 5
9150 0
9151 1
9152 2
9153 3
9154 4
9155 5
9156 0
9157 1
9158 2
9159 3
9160 4
9161 5
9162 0
9163 1
9164 2
9165 3
9166 4
9167 5
9168 0
9169 1
9170 2
9171 3
9172 4
9173 5
9174 0
9175 1
9176 2
9177 3
9178 4
9179 5
9180 0
9181 1
9182 2
9183 3
9184 4
9185 5
9186 0
9187 1
9188 2
9189 3
9190 4
9191 5
9192 0
9193 1
9194 2
9195 3
9196 4
9197 5
9198 0
9199 1
9200 2
9201 3
9202 4
9203 5
9204 0
9205 1
9206 2
9207 3
9208 4
9209 5
9210 0
9211 1
9212 2
9213 3
9214 4
9215 5
9216 0
9217 1
9218 2
9219 3
9220 4
9221 5
9222 0
9223 1
9224 2
9225 3
9226 4
9227 5
9228 0
9229 1
9230 2
9231 3
9232 4
9233 5
9234 0
9235 1
9236 2
9237 3
9238 4
9239 5
9240 0
9241 1
9242 2
9243 3
9244 4
9245 5
9246 0
9247 1
9248 2
9249 3
9250 4
9251 5
9252 0
9253 1
9254 2
9255 3
9256 4
9257 5
9258 0
9259 1
9260 2
9261 3
9262 4
9263 5
9264 0
9265 1
9266 2
9267 3
9268 4
9269 5
9270 0
9271 1
9272 2
9273 3
9274 4
9275 5
9276 0
9277 1
9278 2
9279 3
9280 4
9281 5
9282 0
9283 1
9284 2
9285 3
9286 4
9287 5
9288 0
9289 1
9290 2
9291 3
9292 4
9293 5
9294 0
9295 1
9296 2
9297 3
9298 4
9299 5
9300 0
9301 1
9302 2
9303 3
9304 4
9305 5
9306 0
9307 1
9308 2
9309 3
9310 4
9311 5
9312 0
9313 1
9314 2
9315 3
9316 4
9317 5
9318 0
9319 1
9320 2
9321 3
9322 4
9323 5
9324 0
9325 1
9326 2
9327 3
9328 4
9329 5
9330 0
9331 1
9332 2
9333 3
9334 4
9335 5
9336 0
9337 1
9338 2
9339 3
9340 4
9341 5
9342 0
9343 1
9344 2
9345 3
9346 4
9347 5
9348 0
9349 1
9350 2
9351 3
9352 4
9353 5
9354 0
9355 1
9356 2
9357 3
9358 4
9359 5
9360 0
9361 1
9362 2
9363 3
9364 4
9365 5
9366 0
9367 1
9368 2
9369 3
9370 4
9371 5
9372 0
9373 1
9374 2
9375 3
9376 4
9377 5
9378 0
9379 1
9380 2
9381 3
9382 4
9383 5
9384 0
9385 1
9386 2
9387 3
9388 4
9389 5
9390 0
9391 1
9392 2
9393 3
9394 4
9395 5
9396 0
9397 1
9398 2
9399 3
9400 4
9401 5
9402 0
9403 1
9404 2
9405 3
9406 4
9407 5
9408 0
9409 1
9410 2
9411 3
9412 4
9413 5
9414 0
9415 1
9416 2
9417 3
9418 4
9419 5
9420 0
9421 1
9422 2
9423 3
9424 4
9425 5
9426 0
9427 1
9428 2
9429 3
9430 4
9431 5
9432 0
9433 1
9434 2
9435 3
9436 4
9437 5
9438 0
9439 1
9440 2
9441 3
9442 4
9443 5
9444 0
9445 1
9446 2
9447 3
9448 4
9449 5
9450 0
9451 1
9452 2
9453 3
9454 4
9455 5
9456 0
9457 1
9458 2
9459 3
9460 4
9461 5
9462 0
9463 1
9464 2
9465 3
9466 4
9467 5
9468 0
9469 1
9470 2
9471 3
9472 4
9473 5
9474 0
9475 1
9476 2
9477 3
9478 4
9479 5
9480 0
9481 1
9482 2
9483 3
9484 4
9485 5
9486 0
9487 1
9488 2
9489 3
9490 4
9491 5
9492 0
9493 1
9494 2
9495 3
9496 4
9497 5
9498 0
9499 1
9500 2
9501 3
9502 4
9503 5
9504 0
9505 1
9506 2
9507 3
9508 4
9509 5
9510 0
9511 1
9512 2
9513 3
9514 4
9515 5
9516 0
9517 1
9518 2
9519 3
9520 4
9521 5
9522 0
9523 1
9524 2
9525 3
9526 4
9527 5
9528 0
9529 1
9530 2
9531 3
9532 4
9533 5
9534 0
9535 1
9536 2
9537 3
9538 4
9539 5
9540 0
9541 1
9542 2
9543 3
9544 4
9545 5
9546 0
9547 1
9548 2
9549 3
9550 4
9551 5
9552 0
9553 1
9554 2
9555 3
9556 4
9557 5
9558 0
9559 1
9560 2
9561 3
9562 4
9563 5
9564 0
9565 1
9566 2
9567 3
9568 4
9569 5
9570 0
9571 1
9572 2
9573 3
9574 4
9575 5
9576 0
9577 1
9578 2
9579 3
9580 4
9581 5
9582 0
9583 1
9584 2
9585 3
9586 4
9587 5
9588 0
9589 1
9590 2
9591 3
9592 4
9593 5
9594 0
9595 1
9596 2
9597 3
9598 4
9599 5
9600 0
9601 1
9602 2
9603 3
9604 4
9605 5
9606 0
9607 1
9608 2
9609 3
9610 4
9611 5
9612 0
9613 1
9614 2
9615 3
9616 4
9617 5
9618 0
9619 1
9620 2
9621 3
9622 4
9623 5
9624 0
9625 1
9626 2
9627 3
9628 4
9629 5
9630 0
9631 1
9632 2
9633 3
9634 4
9635 5
9636 0
9637 1
9638 2
9639 3
9640 4
9641 5
9642 0
9643 1
9644 2
9645 3
9646 4
9647 5
9648 0
9649 1
9650 2
9651 3
9652 4
9653 5
9654 0
9655 1
9656 2
9657 3
9658 4
9659 5
9660 0
9661 1
9662 2
9663 3
9664 4
9665 5
9666 0
9667 1
9668 2
9669 3
9670 4
9671 5
9672 0
9673 1
9674 2
9675 3
9676 4
9677 5
9678 0
9679 1
9680 2
9681 3
9682 4
9683 5
9684 0
9685 1
9686 2
9687 3
9688 4
9689 5
9690 0
9691 1
9692 2
9693 3
9694 4
9695 5
9696 0
9697 1
9698 2
9699 3
9700 4
9701 5
9702 0
9703 1
9704 2
9705 3
9706 4
9707 5
9708 0
9709 1
9710 2
9711 3
9712 4
9713 5
9714 0
9715 1
9716 2
9717 3
9718 4
9719 5
9720 0
9721 1
9722 2
9723 3
9724 4
9725 5
9726 0
9727 1
9728 2
9729 3
9730 4
9731 5
9732 0
9733 1
9734 2
9735 3
9736 4
9737 5
9738 0
9739 1
9740 2
9741 3
9742 4
9743 5
9744 0
9745 1
9746 2
9747 3
9748 4
9749 5
9750 0
9751 1
9752 2
9753 3
9754 4
9755 5
9756 0
9757 1
9758 2
9759 3
9760 4
9761 5
9762 0
9763 1
9764 2
9765 3
9766 4
9767 5
9768 0
9769 1
9770 2
9771 3
9772 4
9773 5
9774 0
9775 1
9776 2
9777 3
9778 4
9779 5
9780 0
9781 1
9782 2
9783 3
9784 4
9785 5
9786 0
9787 1
9788 2
9789 3
9790 4
9791 5
9792 0
9793 1
9794 2
9795 3
9796 4
9797 5
9798 0
9799 1
9800 2
9801 3
9802 4
9803 5
9804 0
9805 1
9806 2
9807 3
9808 4
9809 5
9810 0
9811 1
9812 2
9813 3
9814 4
9815 5
9816 0
9817 1
9818 2
9819 3
9820 4
9821 5
9822 0
9823 1
9824 2
9825 3
9826 4
9827 5
9828 0
9829 1
9830 2
9831 3
9832 4
9833 5
9834 0
9835 1
9836 2
9837 3
9838 4
9839 5
9840 0
9841 1
9842 2
9843 3
9844 4
9845 5
9846 0
9847 1
9848 2
9849 3
9850 4
9851 5
9852 0
9853 1
9854 2
9855 3
9856 4
9857 5
9858 0
9859 1
9860 2
9861 3
9862 4
9863 5
9864 0
9865 1
9866 2
9867 3
9868 4
9869 5
9870 0
9871 1
9872 2
9873 3
9874 4
9875 5
9876 0
9877 1
9878 2
9879 3
9880 4
9881 5
9882 0
9883 1
9884 2
9885 3
9886 4
9887 5
9888 0
9889 1
9890 2
9891 3
9892 4
9893 5
9894 0
9895 1
9896 2
9897 3
9898 4
9899 5
9900 0
9901 1
9902 2
9903 3
9904 4
9905 5
9906 0
9907 1
9908 2
9909 3
9910 4
9911 5
9912 0
9913 1
9914 2
9915 3
9916 4
9917 5
9918 0
9919 1
9920 2
9921 3
9922 4
9923 5
9924 0
9925 1
9926 2
9927 3
9928 4
9929 5
9930 0
9931 1
9932 2
9933 3
9934 4
9935 5
9936 0
9937 1
9938 2
9939 3
9940 4
9941 5
9942 0
9943 1
9944 2
9945 3
9946 4
9947 5
9948 0
9949 1
9950 2
9951 3
9952 4
9953 5
9954 0
9955 1
9956 2
9957 3
9958 4
9959 5
9960 0
9961 1
9962 2
9963 3
9964 4
9965 5
9966 0
9967 1
9968 2
9969 3
9970 4
9971 5
9972 0
9973 1
9974 2
9975 3
9976 4
9977 5
9978 0
9979 1
9980 2
9981 3
9982 4
9983 5
9984 0
9985 1
9986 2
9987 3
9988 4
9989 5
9990 0
9991 1
9992 2
9993 3
9994 4
9995 5
9996 0
9997 1
9998 2
9999 3
10000 4
10001 5
10002 0
10003 1
10004 2
10005 3
10006 4
10007 5
10008 0
10009 1
10010 2
10011 3
10012 4
10013 5
10014 0
10015 1
10016 2
10017 3
10018 4
10019 5
10020 0
10021 1
10022 2
10023 3
10024 4
10025 5
10026 0
10027 1
10028 2
10029 3
10030 4
10031 5
10032 0
10033 1
10034 2
10035 3
10036 4
10037 5
10038 0
10039 1
10040 2
10041 3
10042 4
10043 5
10044 0
10045 1
10046 2
10047 3
10048 4
10049 5
10050 0
10051 1
10052 2
10053 3
10054 4
10055 5
10056 0
10057 1
10058 2
10059 3
10060 4
10061 5
10062 0
10063 1
10064 2
10065 3
10066 4
10067 5
10068 0
10069 1
10070 2
10071 3
10072 4
10073 5
10074 0
10075 1
10076 2
10077 3
10078 4
10079 5
10080 0
10081 1
10082 2
10083 3
10084 4
10085 5
10086 0
10087 1
10088 2
10089 3
10090 4
10091 5
10092 0
10093 1
10094 2
10095 3
10096 4
10097 5
10098 0
10099 1
10100 2
10101 3
10102 4
10103 5
10104 0
10105 1
10106 2
10107 3
10108 4
10109 5
10110 0
10111 1
10112 2
10113 3
10114 4
10115 5
10116 0
10117 1
10118 2
10119 3
10120 4
10121 5
10122 0
10123 1
10124 2
10125 3
10126 4
10127 5
10128 0
10129 1
10130 2
10131 3
10132 4
10133 5
10134 0
10135 1
10136 2
10137 3
10138 4
10139 5
10140 0
10141 1
10142 2
10143 3
10144 4
10145 5
10146 0
10147 1
10148 2
10149 3
10150 4
10151 5
10152 0
10153 1
10154 2
10155 3
10156 4
10157 5
10158 0
10159 1
10160 2
10161 3
10162 4
10163 5
10164 0
10165 1
10166 2
10167 3
10168 4
10169 5
10170 0
10171 1
10172 2
10173 3
10174 4
10175 5
10176 0
10177 1
10178 2
10179 3
10180 4
10181 5
10182 0
10183 1
10184 2
10185 3
10186 4
10187 5
10188 0
10189 1
10190 2
10191 3
10192 4
10193 5
10194 0
10195 1
10196 2
10197 3
10198 4
10199 5
10200 0
10201 1
10202 2
10203 3
10204 4
10205 5
10206 0
10207 1
10208 2
10209 3
10210 4
10211 5
10212 0
10213 1
10214 2
10215 3
10216 4
10217 5
10218 0
10219 1
10220 2
10221 3
10222 4
10223 5
10224 0
10225 1
10226 2
10227 3
10228 4
10229 5
10230 0
10231 1
10232 2
10233 3
10234 4
10235 5
10236 0
10237 1
10238 2
10239 3
10240 4
10241 5
10242 0
10243 1
10244 2
10245 3
10246 4
10247 5
10248 0
10249 1
10250 2
10251 3
10252 4
10253 5
10254 0
10255 1
10256 2
10257 3
10258 4
10259 5
10260 0
10261 1
10262 2
10263 3
10264 4
10265 5
10266 0
10267 1
10268 2
10269 3
10270 4
10271 5
10272 0
10273 1
10274 2
10275 3
10276 4
10277 5
10278 0
10279 1
10280 2
10281 3
10282 4
10283 5
10284 0
10285 1
10286 2
10287 3
10288 4
10289 5
10290 0
10291 1
10292 2
10293 3
10294 4
10295 5
10296 0
10297 1
10298 2
10299 3
10300 4
10301 5
10302 0
10303 1
10304 2
10305 3
10306 4
10307 5
10308 0
10309 1
10310 2
10311 3
10312 4
10313 5
10314 0
10315 1
10316 2
10317 3
10318 4
10319 5
10320 0
10321 1
10322 2
10323 3
10324 4
10325 5
10326 0
10327 1
10328 2
10329 3
10330 4
10331 5
10332 0
10333 1
10334 2
10335 3
10336 4
10337 5
10338 0
10339 1
10340 2
10341 3
10342 4
10343 5
10344 0
10345 1
10346 2
10347 3
10348 4
10349 5
10350 0
10351 1
10352 2
10353 3
10354 4
10355 5
10356 0
10357 1
10358 2
10359 3
10360 4
10361 5
10362 0
10363 1
10364 2
10365 3
10366 4
10367 5
10368 0
10369 1
10370 2
10371 3
10372 4
10373 5
10374 0
10375 1
10376 2
10377 3
10378 4
10379 5
10380 0
10381 1
10382 2
10383 3
10384 4
10385 5
10386 0
10387 1
10388 2
10389 3
10390 4
10391 5
10392 0
10393 1
10394 2
10395 3
10396 4
10397 5
10398 0
10399 1
10400 2
10401 3
10402 4
10403 5
10404 0
10405 1
10406 2
10407 3
10408 4
10409 5
10410 0
10411 1
10412 2
10413 3
10414 4
10415 5
10416 0
10417 1
10418 2
10419 3
10420 4
10421 5
10422 0
10423 1
10424 2
10425 3
10426 4
10427 5
10428 0
10429 1
10430 2
10431 3
10432 4
